0.001000 24901.985002 
0.001077 26532.461661 
0.001159 28264.384555 
0.001248 30102.055045 
0.001343 32049.537681 
0.001446 34110.057394 
0.001557 36286.339134 
0.001676 38579.831394 
0.001804 40990.883212 
0.001943 43518.310916 
0.002091 46159.558972 
0.002251 48909.815135 
0.002424 51762.243180 
0.002609 54707.303598 
0.002809 57733.338709 
0.003024 60825.130213 
0.003256 63966.114878 
0.003505 67133.775919 
0.003773 70306.288695 
0.004062 73458.549903 
0.004373 76555.663473 
0.004708 79570.502767 
0.005069 82472.836624 
0.005457 85218.126970 
0.005875 87775.271506 
0.006325 90101.805841 
0.006809 92159.275940 
0.007330 93907.090886 
0.007891 95301.829105 
0.008496 96304.173825 
0.009146 96869.842309 
0.009846 96956.530969 
0.010600 96527.700589 
0.011412 95538.221486 
0.012286 93967.485036 
0.013226 91791.721623 
0.014239 89009.553857 
0.015329 85672.217879 
0.016503 81766.087606 
0.017767 77451.251439 
0.019127 72886.535197 
0.020592 68063.573940 
0.022168 63118.228773 
0.023866 58176.744302 
0.025693 53335.243526 
0.027660 48902.714410 
0.029778 45031.389316 
0.032058 41747.058340 
0.034513 38961.073379 
0.037155 36574.116392 
0.040000 34454.362195 
0.041074 33721.218005 
0.042148 33003.157232 
0.043221 32292.372667 
0.044295 31578.938310 
0.045369 30857.311916 
0.046443 30124.412291 
0.047517 29378.009305 
0.048591 28617.728528 
0.049664 27845.607094 
0.050738 27062.866273 
0.051812 26273.372906 
0.052886 25481.062367 
0.053960 24690.435163 
0.055034 23906.206429 
0.056107 23133.863500 
0.057181 22376.438545 
0.058255 21639.149368 
0.059329 20925.999803 
0.060403 20240.518147 
0.061477 19585.790187 
0.062550 18964.916161 
0.063624 18378.752818 
0.064698 17829.239618 
0.065772 17317.104675 
0.066846 16842.517210 
0.067919 16405.464483 
0.068993 16004.232203 
0.070067 15637.636525 
0.071141 15303.781294 
0.072215 15000.315835 
0.073289 14724.443579 
0.074362 14473.439740 
0.075436 14243.614908 
0.076510 14031.848271 
0.077584 13834.847175 
0.078658 13649.254462 
0.079732 13471.847879 
0.080805 13299.855086 
0.081879 13130.227287 
0.082953 12960.700452 
0.084027 12789.276974 
0.085101 12614.310307 
0.086174 12434.757402 
0.087248 12249.548784 
0.088322 12058.492489 
0.089396 11861.654553 
0.090470 11659.483084 
0.091544 11452.715854 
0.092617 11242.588726 
0.093691 11029.957907 
0.094765 10816.386577 
0.095839 10603.340559 
0.096913 10392.301216 
0.097987 10184.608243 
0.099060 9981.716155 
0.100134 9784.362880 
0.101208 9593.673819 
0.102282 9410.297933 
0.103356 9234.757760 
0.104430 9067.348190 
0.105503 8908.332146 
0.106577 8757.414532 
0.107651 8614.636353 
0.108725 8479.700506 
0.109799 8352.369991 
0.110872 8232.362675 
0.111946 8119.006123 
0.113020 8011.954058 
0.114094 7910.695980 
0.115168 7814.603588 
0.116242 7723.069232 
0.117315 7635.533277 
0.118389 7551.153210 
0.119463 7469.331530 
0.120537 7389.474892 
0.121611 7310.946680 
0.122685 7233.295775 
0.123758 7156.183981 
0.124832 7079.143050 
0.125906 7002.039564 
0.126980 6924.816817 
0.128054 6847.478744 
0.129128 6770.077160 
0.130201 6692.814639 
0.131275 6615.718013 
0.132349 6539.003227 
0.133423 6462.843991 
0.134497 6387.346832 
0.135570 6312.709243 
0.136644 6238.851244 
0.137718 6165.886206 
0.138792 6093.866239 
0.139866 6022.807389 
0.140940 5952.726552 
0.142013 5883.728848 
0.143087 5815.702363 
0.144161 5748.806843 
0.145235 5683.101045 
0.146309 5618.656938 
0.147383 5555.569755 
0.148456 5493.997007 
0.149530 5433.923807 
0.150604 5375.475589 
0.151678 5318.724434 
0.152752 5263.680293 
0.153826 5210.396210 
0.154899 5158.868020 
0.155973 5108.983920 
0.157047 5060.721738 
0.158121 5013.980378 
0.159195 4968.669482 
0.160268 4924.702658 
0.161342 4881.871462 
0.162416 4840.085709 
0.163490 4799.213291 
0.164564 4759.123417 
0.165638 4719.701724 
0.166711 4680.881252 
0.167785 4642.498952 
0.168859 4604.495697 
0.169933 4566.838020 
0.171007 4529.459843 
0.172081 4492.345605 
0.173154 4455.494663 
0.174228 4418.862182 
0.175302 4382.473459 
0.176376 4346.357971 
0.177450 4310.522336 
0.178523 4275.044205 
0.179597 4239.880783 
0.180671 4205.100318 
0.181745 4170.733046 
0.182819 4136.822329 
0.183893 4103.371748 
0.184966 4070.458226 
0.186040 4038.021276 
0.187114 4006.123051 
0.188188 3974.765512 
0.189262 3943.953412 
0.190336 3913.679201 
0.191409 3883.980087 
0.192483 3854.794125 
0.193557 3826.122081 
0.194631 3797.966971 
0.195705 3770.301574 
0.196779 3743.105074 
0.197852 3716.399379 
0.198926 3690.105104 
0.200000 3664.225574 
0.201000 3640.487051 
0.205353 3540.807596 
0.209800 3444.312218 
0.214344 3350.513252 
0.218986 3259.312835 
0.223729 3170.887057 
0.228574 3085.575733 
0.233524 3003.686682 
0.238582 2925.402387 
0.243749 2850.742416 
0.249028 2779.502598 
0.254421 2711.375004 
0.259931 2645.963886 
0.265560 2582.913020 
0.271312 2521.892748 
0.277187 2462.679141 
0.283190 2405.083123 
0.289324 2348.994542 
0.295589 2294.361879 
0.301991 2241.123036 
0.308531 2189.287597 
0.315213 2138.848234 
0.322040 2089.819325 
0.329014 2042.221173 
0.336140 1996.032041 
0.343420 1951.243806 
0.350857 1907.817062 
0.358456 1865.718855 
0.366219 1824.910095 
0.374150 1785.348592 
0.382253 1746.994788 
0.390531 1709.791953 
0.398989 1673.697017 
0.407630 1638.669198 
0.416458 1604.656453 
0.425478 1571.616042 
0.434692 1539.516614 
0.444106 1508.311493 
0.453724 1477.957610 
0.463551 1448.413986 
0.473590 1419.646763 
0.483846 1391.622661 
0.494325 1364.296797 
0.505031 1337.638884 
0.515968 1311.616259 
0.527143 1286.196260 
0.538559 1261.346640 
0.550223 1237.117451 
0.562139 1213.264516 
0.574313 1189.962743 
0.586751 1167.049030 
0.599459 1144.450854 
0.612441 1122.432542 
0.625705 1100.911667 
0.639256 1079.701073 
0.653100 1058.812602 
0.667244 1038.153826 
0.681695 1017.872288 
0.696459 997.992762 
0.711542 978.442121 
0.726952 959.174978 
0.742696 940.038931 
0.758780 921.340219 
0.775213 902.897558 
0.792002 884.668253 
0.809154 866.573572 
0.826678 848.776006 
0.844582 831.285467 
0.862873 814.012725 
0.881560 796.949184 
0.900652 780.090361 
0.920158 763.430153 
0.940086 746.968835 
0.960445 730.699579 
0.981246 714.620422 
1.002497 698.727285 
1.024208 683.018897 
1.046389 667.495165 
1.069051 652.152791 
1.092204 636.992020 
1.115858 622.013127 
1.140024 607.217176 
1.164714 592.602888 
1.189938 578.172403 
1.215709 563.927114 
1.242037 549.868643 
1.268936 535.997988 
1.296418 522.319597 
1.324494 508.834656 
1.353179 495.545498 
1.382485 482.454529 
1.412426 469.564525 
1.443015 456.879448 
1.474266 444.400737 
1.506195 432.131144 
1.538814 420.074090 
1.572141 408.229837 
1.606189 396.601224 
1.640974 385.190890 
1.676513 374.000184 
1.712821 363.030799 
1.749916 352.282115 
1.787814 341.757340 
1.826533 331.455440 
1.866090 321.377775 
1.906504 311.523570 
1.947794 301.891992 
1.989977 292.483930 
2.033075 283.297280 
2.077105 274.331666 
2.122089 265.585277 
2.168047 257.056668 
2.215001 248.743813 
2.262972 240.645044 
2.311981 232.758111 
2.362052 225.080113 
2.413207 217.608428 
2.465470 210.340667 
2.518865 203.273442 
2.573416 196.403998 
2.629149 189.729243 
2.686089 183.245929 
2.744262 176.950255 
2.803695 170.838987 
2.864414 164.908398 
2.926449 159.155253 
2.989828 153.575254 
3.054579 148.165373 
3.120732 142.921489 
3.188318 137.839664 
3.257368 132.916331 
3.327913 128.147944 
3.399986 123.530260 
3.473620 119.059644 
3.548848 114.732499 
3.625706 110.544989 
3.704229 106.493160 
3.784451 102.573669 
3.866412 98.782760 
3.950147 95.117083 
4.035696 91.572875 
4.123097 88.146632 
4.212391 84.835343 
4.303620 81.635477 
4.396824 78.544035 
4.492046 75.557818 
4.589331 72.673996 
4.688722 69.889732 
4.790267 67.202469 
4.894010 64.609378 
5.000000 62.108469 
