0.001000 24258.461851 
0.001077 26051.735591 
0.001159 27952.219928 
0.001248 29962.163351 
0.001343 32083.110023 
0.001446 34316.050823 
0.001557 36661.149689 
0.001676 39117.723904 
0.001804 41683.719464 
0.001943 44355.710953 
0.002091 47129.109307 
0.002251 49997.255756 
0.002424 52951.713532 
0.002609 55981.834672 
0.002809 59075.380165 
0.003024 62217.089869 
0.003256 65390.688641 
0.003505 68575.160538 
0.003773 71750.030958 
0.004062 74892.776436 
0.004373 77971.762684 
0.004708 80962.445542 
0.005069 83835.607504 
0.005457 86551.134303 
0.005875 89078.415113 
0.006325 91375.482525 
0.006809 93403.040672 
0.007330 95118.125657 
0.007891 96475.953173 
0.008496 97428.106041 
0.009146 97932.080268 
0.009846 97932.808600 
0.010600 97401.253440 
0.011412 96288.845701 
0.012286 94588.589279 
0.013226 92289.256433 
0.014239 89372.870154 
0.015329 85873.231286 
0.016503 81844.502523 
0.017767 77380.584201 
0.019127 72568.043374 
0.020592 67561.625280 
0.022168 62428.037566 
0.023866 57411.590768 
0.025693 52686.854284 
0.027660 48389.884132 
0.029778 44667.556406 
0.032058 41532.171036 
0.034513 38934.842028 
0.037155 36744.123914 
0.040000 34750.068611 
0.041074 34038.813991 
0.042148 33331.142292 
0.043221 32620.276639 
0.044295 31899.031871 
0.045369 31163.358146 
0.046443 30411.161259 
0.047517 29641.733381 
0.048591 28855.905994 
0.049664 28056.596480 
0.050738 27245.717805 
0.051812 26427.984879 
0.052886 25608.089943 
0.053960 24791.309624 
0.055034 23982.911009 
0.056107 23188.996892 
0.057181 22413.170420 
0.058255 21661.240418 
0.059329 20937.678014 
0.060403 20246.337252 
0.061477 19590.602752 
0.062550 18973.669977 
0.063624 18396.325808 
0.064698 17860.202959 
0.065772 17365.656614 
0.066846 16912.239669 
0.067919 16499.194821 
0.068993 16123.983773 
0.070067 15784.473674 
0.071141 15477.762648 
0.072215 15200.397126 
0.073289 14948.596863 
0.074362 14718.696844 
0.075436 14506.199404 
0.076510 14307.366043 
0.077584 14118.465280 
0.078658 13936.003930 
0.079732 13756.842533 
0.080805 13578.621992 
0.081879 13398.928307 
0.082953 13216.342515 
0.084027 13029.836203 
0.085101 12838.848032 
0.086174 12643.325137 
0.087248 12443.059741 
0.088322 12238.557833 
0.089396 12030.364394 
0.090470 11819.137104 
0.091544 11605.557362 
0.092617 11390.645668 
0.093691 11174.798942 
0.094765 10959.131387 
0.095839 10744.604641 
0.096913 10532.242506 
0.097987 10323.073388 
0.099060 10118.377295 
0.100134 9918.904161 
0.101208 9725.932305 
0.102282 9540.409991 
0.103356 9363.217291 
0.104430 9195.018478 
0.105503 9036.409254 
0.106577 8887.299066 
0.107651 8747.800355 
0.108725 8617.529966 
0.109799 8495.956443 
0.110872 8382.395448 
0.111946 8275.685292 
0.113020 8174.947888 
0.114094 8079.144962 
0.115168 7987.243989 
0.116242 7898.301976 
0.117315 7811.657549 
0.118389 7726.457734 
0.119463 7642.290045 
0.120537 7558.841492 
0.121611 7475.881180 
0.122685 7393.349698 
0.123758 7311.312176 
0.124832 7229.650061 
0.125906 7148.514441 
0.126980 7068.006701 
0.128054 6988.213169 
0.129128 6909.151568 
0.130201 6830.954597 
0.131275 6753.482431 
0.132349 6676.768150 
0.133423 6600.812859 
0.134497 6525.539652 
0.135570 6451.004127 
0.136644 6377.032428 
0.137718 6303.675112 
0.138792 6230.948034 
0.139866 6158.912137 
0.140940 6087.614717 
0.142013 6017.243662 
0.143087 5947.768384 
0.144161 5879.426071 
0.145235 5812.368780 
0.146309 5746.739438 
0.147383 5682.697472 
0.148456 5620.419290 
0.149530 5559.925801 
0.150604 5501.326630 
0.151678 5444.671618 
0.152752 5389.954407 
0.153826 5337.158045 
0.154899 5286.221515 
0.155973 5236.976440 
0.157047 5189.340093 
0.158121 5143.149828 
0.159195 5098.253679 
0.160268 5054.530497 
0.161342 5011.737916 
0.162416 4969.761133 
0.163490 4928.451673 
0.164564 4887.694061 
0.165638 4847.380767 
0.166711 4807.460368 
0.167785 4767.808814 
0.168859 4728.398700 
0.169933 4689.226837 
0.171007 4650.278648 
0.172081 4611.568979 
0.173154 4573.140195 
0.174228 4534.965437 
0.175302 4497.114315 
0.176376 4459.633671 
0.177450 4422.548293 
0.178523 4385.935959 
0.179597 4349.771021 
0.180671 4314.112826 
0.181745 4279.001604 
0.182819 4244.466026 
0.183893 4210.496102 
0.184966 4177.157384 
0.186040 4144.378864 
0.187114 4112.207119 
0.188188 4080.623857 
0.189262 4049.619703 
0.190336 4019.176103 
0.191409 3989.315096 
0.192483 3959.959309 
0.193557 3931.107476 
0.194631 3902.745848 
0.195705 3874.840357 
0.196779 3847.374768 
0.197852 3820.355402 
0.198926 3793.708766 
0.200000 3767.432448 
0.201000 3743.290751 
0.205353 3641.489631 
0.209800 3542.431491 
0.214344 3445.950798 
0.218986 3352.250262 
0.223729 3261.698748 
0.228574 3174.678937 
0.233524 3091.438696 
0.238582 3012.029194 
0.243749 2936.338943 
0.249028 2864.042087 
0.254421 2794.769434 
0.259931 2728.095070 
0.265560 2663.652154 
0.271312 2601.120494 
0.277187 2540.293382 
0.283190 2480.983946 
0.289324 2423.116393 
0.295589 2366.661480 
0.301991 2311.586110 
0.308531 2257.920938 
0.315213 2205.667695 
0.322040 2154.839817 
0.329014 2105.454924 
0.336140 2057.485137 
0.343420 2010.922702 
0.350857 1965.724736 
0.358456 1921.861209 
0.366219 1879.289381 
0.374150 1837.965224 
0.382253 1797.844010 
0.390531 1758.873065 
0.398989 1721.011605 
0.407630 1684.214326 
0.416458 1648.436106 
0.425478 1613.631966 
0.434692 1579.771332 
0.444106 1546.805863 
0.453724 1514.699263 
0.463551 1483.406621 
0.473590 1452.896107 
0.483846 1423.134030 
0.494325 1394.077216 
0.505031 1365.694219 
0.515968 1337.951576 
0.527143 1310.820086 
0.538559 1284.266510 
0.550223 1258.052955 
0.562139 1232.692794 
0.574313 1207.709541 
0.586751 1183.218097 
0.599459 1159.222412 
0.612441 1135.467223 
0.625705 1112.160552 
0.639256 1089.316928 
0.653100 1066.888901 
0.667244 1044.782905 
0.681695 1022.923083 
0.696459 1001.454101 
0.711542 980.352021 
0.726952 959.539717 
0.742696 939.000504 
0.758780 918.795656 
0.775213 898.869245 
0.792002 879.192942 
0.809154 859.869771 
0.826678 840.662531 
0.844582 821.784928 
0.862873 803.156055 
0.881560 784.769612 
0.900652 766.620956 
0.920158 748.705853 
0.940086 731.026611 
0.960445 713.576892 
0.981246 696.356244 
1.002497 679.361610 
1.024208 662.592428 
1.046389 646.050772 
1.069051 629.732877 
1.092204 613.641240 
1.115858 597.776038 
1.140024 582.139774 
1.164714 566.731156 
1.189938 551.553239 
1.215709 536.608375 
1.242037 521.898590 
1.268936 507.424611 
1.296418 493.190868 
1.324494 479.198418 
1.353179 465.450626 
1.382485 451.948582 
1.412426 438.694443 
1.443015 425.692239 
1.474266 412.942923 
1.506195 400.447809 
1.538814 388.209290 
1.572141 376.227232 
1.606189 364.503539 
1.640974 353.038758 
1.676513 341.833353 
1.712821 330.887510 
1.749916 320.199768 
1.787814 309.770856 
1.826533 299.599333 
1.866090 289.683897 
1.906504 280.022887 
1.947794 270.613643 
1.989977 261.455361 
2.033075 252.544556 
2.077105 243.879006 
2.122089 235.454984 
2.168047 227.270027 
2.215001 219.320378 
2.262972 211.602526 
2.311981 204.112878 
2.362052 196.847061 
2.413207 189.801154 
2.465470 182.971272 
2.518865 176.352749 
2.573416 169.941363 
2.629149 163.732947 
2.686089 157.722638 
2.744262 151.906011 
2.803695 146.278549 
2.864414 140.835350 
2.926449 135.572375 
2.989828 130.484142 
3.054579 125.566912 
3.120732 120.815785 
3.188318 116.226179 
3.257368 111.793573 
3.327913 107.513723 
3.399986 103.381910 
3.473620 99.394017 
3.548848 95.545826 
3.625706 91.832975 
3.704229 88.251340 
3.784451 84.797145 
3.866412 81.466124 
3.950147 78.254819 
4.035696 75.159161 
4.123097 72.175461 
4.212391 69.300497 
4.303620 66.530610 
4.396824 63.862537 
4.492046 61.292958 
4.589331 58.818968 
4.688722 56.437422 
4.790267 54.145665 
4.894010 51.940764 
5.000000 49.820393 
