0.001000 26816.810756 
0.001077 28549.303689 
0.001159 30375.349643 
0.001248 32296.529568 
0.001343 34314.098030 
0.001446 36428.694014 
0.001557 38640.122080 
0.001676 40947.456330 
0.001804 43348.575970 
0.001943 45840.259707 
0.002091 48418.389456 
0.002251 51077.156593 
0.002424 53809.380820 
0.002609 56605.879941 
0.002809 59457.134579 
0.003024 62350.444059 
0.003256 65273.273238 
0.003505 68208.256339 
0.003773 71139.984395 
0.004062 74050.131696 
0.004373 76913.362487 
0.004708 79709.806571 
0.005069 82415.235291 
0.005457 84995.504287 
0.005875 87423.973590 
0.006325 89664.285121 
0.006809 91680.953754 
0.007330 93431.406679 
0.007891 94875.594177 
0.008496 95971.726894 
0.009146 96684.789339 
0.009846 96958.424056 
0.010600 96769.549468 
0.011412 96073.037841 
0.012286 94839.230662 
0.013226 93073.593823 
0.014239 90707.245660 
0.015329 87796.649913 
0.016503 84341.188430 
0.017767 80446.173901 
0.019127 76186.184463 
0.020592 71593.831410 
0.022168 66817.318609 
0.023866 62050.217850 
0.025693 57423.979436 
0.027660 53044.649316 
0.029778 49099.456060 
0.032058 45616.866245 
0.034513 42636.113947 
0.037155 40060.000197 
0.040000 37671.521977 
0.041074 36825.689580 
0.042148 35998.674979 
0.043221 35187.076676 
0.044295 34385.544138 
0.045369 33591.368850 
0.046443 32802.130503 
0.047517 32015.504329 
0.048591 31229.685844 
0.049664 30444.237163 
0.050738 29657.207876 
0.051812 28869.294168 
0.052886 28081.294221 
0.053960 27294.770496 
0.055034 26511.740224 
0.056107 25735.837972 
0.057181 24968.614585 
0.058255 24214.515113 
0.059329 23477.368863 
0.060403 22761.067208 
0.061477 22069.423744 
0.062550 21406.659629 
0.063624 20774.818829 
0.064698 20177.153055 
0.065772 19615.678299 
0.066846 19091.669817 
0.067919 18606.101867 
0.068993 18157.833628 
0.070067 17746.186700 
0.071141 17369.390343 
0.072215 17024.919434 
0.073289 16709.750406 
0.074362 16420.785975 
0.075436 16153.776275 
0.076510 15905.245947 
0.077584 15671.553851 
0.078658 15449.187373 
0.079732 15234.950361 
0.080805 15026.432032 
0.081879 14820.990274 
0.082953 14617.124851 
0.084027 14413.587012 
0.085101 14209.589906 
0.086174 14004.859567 
0.087248 13798.822049 
0.088322 13591.573911 
0.089396 13383.177096 
0.090470 13173.688306 
0.091544 12963.073529 
0.092617 12751.620348 
0.093691 12538.942412 
0.094765 12325.361386 
0.095839 12111.148219 
0.096913 11896.728125 
0.097987 11682.675403 
0.099060 11470.047197 
0.100134 11259.521313 
0.101208 11052.529447 
0.102282 10850.365867 
0.103356 10654.338270 
0.104430 10465.645584 
0.105503 10285.465750 
0.106577 10114.177726 
0.107651 9952.363222 
0.108725 9799.997289 
0.109799 9656.793405 
0.110872 9522.208632 
0.111946 9395.087113 
0.113020 9274.547958 
0.114094 9159.500123 
0.115168 9048.842821 
0.116242 8941.615092 
0.117315 8837.175427 
0.118389 8734.717581 
0.119463 8633.935921 
0.120537 8534.693823 
0.121611 8436.916631 
0.122685 8340.702370 
0.123758 8246.286408 
0.124832 8153.602127 
0.125906 8062.846793 
0.126980 7974.133903 
0.128054 7887.448106 
0.129128 7802.696899 
0.130201 7719.845761 
0.131275 7638.551064 
0.132349 7558.666639 
0.133423 7479.979518 
0.134497 7402.213024 
0.135570 7325.268550 
0.136644 7248.808883 
0.137718 7172.765710 
0.138792 7097.063610 
0.139866 7021.681232 
0.140940 6946.621856 
0.142013 6872.046762 
0.143087 6797.889270 
0.144161 6724.400831 
0.145235 6651.721322 
0.146309 6580.027090 
0.147383 6509.491973 
0.148456 6440.344766 
0.149530 6372.624979 
0.150604 6306.507055 
0.151678 6242.104673 
0.152752 6179.465447 
0.153826 6118.650040 
0.154899 6059.676468 
0.155973 6002.438070 
0.157047 5946.925595 
0.158121 5893.047568 
0.159195 5840.720626 
0.160268 5789.870921 
0.161342 5740.290636 
0.162416 5691.893740 
0.163490 5644.559860 
0.164564 5598.173136 
0.165638 5552.617892 
0.166711 5507.836901 
0.167785 5463.667244 
0.168859 5420.052264 
0.169933 5376.949477 
0.171007 5334.302289 
0.172081 5292.077776 
0.173154 5250.281988 
0.174228 5208.841240 
0.175302 5167.785099 
0.176376 5127.125189 
0.177450 5086.860778 
0.178523 5047.042817 
0.179597 5007.624024 
0.180671 4968.653152 
0.181745 4930.156963 
0.182819 4892.167137 
0.183893 4854.671510 
0.184966 4817.743257 
0.186040 4781.306490 
0.187114 4745.427854 
0.188188 4710.098016 
0.189262 4675.323722 
0.190336 4641.091967 
0.191409 4607.443579 
0.192483 4574.309166 
0.193557 4541.699317 
0.194631 4509.612741 
0.195705 4478.027743 
0.196779 4446.930267 
0.197852 4416.343101 
0.198926 4386.187485 
0.200000 4356.469792 
0.201000 4329.185682 
0.205353 4214.452559 
0.209800 4103.361832 
0.214344 3995.607293 
0.218986 3891.189304 
0.223729 3790.295666 
0.228574 3693.202498 
0.233524 3600.121538 
0.238582 3511.128229 
0.243749 3426.162278 
0.249028 3344.928702 
0.254421 3267.071117 
0.259931 3192.129964 
0.265560 3119.689985 
0.271312 3049.372283 
0.277187 2980.909851 
0.283190 2914.078415 
0.289324 2848.784221 
0.295589 2784.991597 
0.301991 2722.668705 
0.308531 2661.851925 
0.315213 2602.546124 
0.322040 2544.773649 
0.329014 2488.564798 
0.336140 2433.894770 
0.343420 2380.764578 
0.350857 2329.132831 
0.358456 2278.963989 
0.366219 2230.206828 
0.374150 2182.816253 
0.382253 2136.742377 
0.390531 2091.918282 
0.398989 2048.301792 
0.407630 2005.838768 
0.416458 1964.474364 
0.425478 1924.158767 
0.434692 1884.855272 
0.444106 1846.510189 
0.453724 1809.078074 
0.463551 1772.509734 
0.473590 1736.768563 
0.483846 1701.816884 
0.494325 1667.604553 
0.505031 1634.098990 
0.515968 1601.262144 
0.527143 1569.061323 
0.538559 1537.461480 
0.550223 1506.446676 
0.562139 1476.122986 
0.574313 1446.118676 
0.586751 1416.594239 
0.599459 1387.578281 
0.612441 1359.030021 
0.625705 1330.933295 
0.639256 1303.144039 
0.653100 1275.803049 
0.667244 1248.770472 
0.681695 1222.087178 
0.696459 1195.798915 
0.711542 1169.902160 
0.726952 1144.311428 
0.742696 1119.116927 
0.758780 1094.215189 
0.775213 1069.631067 
0.792002 1045.350180 
0.809154 1021.402259 
0.826678 997.714741 
0.844582 974.352738 
0.862873 951.290134 
0.881560 928.521041 
0.900652 906.047140 
0.920158 883.862464 
0.940086 861.973541 
0.960445 840.376626 
0.981246 819.073153 
1.002497 798.062133 
1.024208 777.346431 
1.046389 756.928885 
1.069051 736.808489 
1.092204 716.989585 
1.115858 697.473920 
1.140024 678.266376 
1.164714 659.367089 
1.189938 640.779643 
1.215709 622.508701 
1.242037 604.556634 
1.268936 586.925598 
1.296418 569.620332 
1.324494 552.642712 
1.353179 535.995523 
1.382485 519.681118 
1.412426 503.701058 
1.443015 488.059081 
1.474266 472.755195 
1.506195 457.790756 
1.538814 443.166992 
1.572141 428.882062 
1.606189 414.937049 
1.640974 401.331969 
1.676513 388.064980 
1.712821 375.134911 
1.749916 362.538129 
1.787814 350.274291 
1.826533 338.339113 
1.866090 326.730503 
1.906504 315.444056 
1.947794 304.475047 
1.989977 293.821123 
2.033075 283.476149 
2.077105 273.436075 
2.122089 263.695240 
2.168047 254.248795 
2.215001 245.091200 
2.262972 236.216832 
2.311981 227.620162 
2.362052 219.294721 
2.413207 211.234611 
2.465470 203.434361 
2.518865 195.887185 
2.573416 188.587429 
2.629149 181.528852 
2.686089 174.705423 
2.744262 168.110572 
2.803695 161.738543 
2.864414 155.583118 
2.926449 149.638440 
2.989828 143.898235 
3.054579 138.357107 
3.120732 133.008923 
3.188318 127.848338 
3.257368 122.869286 
3.327913 118.066875 
3.399986 113.435261 
3.473620 108.969298 
3.548848 104.664141 
3.625706 100.514443 
3.704229 96.515339 
3.784451 92.662210 
3.866412 88.950222 
3.950147 85.375248 
4.035696 81.932380 
4.123097 78.617449 
4.212391 75.426521 
4.303620 72.355342 
4.396824 69.400087 
4.492046 66.556876 
4.589331 63.822190 
4.688722 61.192390 
4.790267 58.664283 
4.894010 56.234346 
5.000000 53.899872 
