0.001000 59122.384677 
0.001077 60994.166406 
0.001159 62900.791159 
0.001248 64844.177946 
0.001343 66826.056161 
0.001446 68846.397238 
0.001557 70903.219802 
0.001676 72993.221039 
0.001804 75111.753935 
0.001943 77252.457144 
0.002091 79408.165124 
0.002251 81569.299431 
0.002424 83725.606277 
0.002609 85864.901818 
0.002809 87974.672149 
0.003024 90040.004667 
0.003256 92046.349092 
0.003505 93976.786086 
0.003773 95815.487679 
0.004062 97545.919067 
0.004373 99146.443632 
0.004708 100601.568335 
0.005069 101891.929354 
0.005457 102994.397962 
0.005875 103888.629316 
0.006325 104551.409789 
0.006809 104960.300329 
0.007330 105086.120194 
0.007891 104908.098501 
0.008496 104390.399555 
0.009146 103504.930094 
0.009846 102218.809663 
0.010600 100515.669669 
0.011412 98360.833190 
0.012286 95768.574362 
0.013226 92699.744687 
0.014239 89172.127112 
0.015329 85323.119208 
0.016503 81005.743142 
0.017767 76356.645593 
0.019127 71410.071950 
0.020592 66241.947855 
0.022168 61034.380134 
0.023866 56016.048807 
0.025693 51233.416339 
0.027660 46745.176115 
0.029778 42735.628962 
0.032058 39299.344854 
0.034513 36448.132788 
0.037155 34086.934248 
0.040000 32048.404982 
0.041074 31362.589711 
0.042148 30705.001964 
0.043221 30067.928028 
0.044295 29442.708807 
0.045369 28823.197221 
0.046443 28204.045205 
0.047517 27580.792769 
0.048591 26950.112041 
0.049664 26310.509208 
0.050738 25659.656386 
0.051812 24998.060099 
0.052886 24326.573443 
0.053960 23647.094096 
0.055034 22961.989264 
0.056107 22275.323281 
0.057181 21589.244887 
0.058255 20908.589737 
0.059329 20237.524190 
0.060403 19580.340160 
0.061477 18941.184304 
0.062550 18324.475481 
0.063624 17732.723001 
0.064698 17169.526981 
0.065772 16637.322704 
0.066846 16137.977394 
0.067919 15673.096572 
0.068993 15242.380170 
0.070067 14846.102193 
0.071141 14483.543802 
0.072215 14153.367191 
0.073289 13853.744024 
0.074362 13582.682368 
0.075436 13337.043697 
0.076510 13114.231820 
0.077584 12911.271820 
0.078658 12725.095421 
0.079732 12552.543960 
0.080805 12390.861729 
0.081879 12236.908441 
0.082953 12088.246737 
0.084027 11942.560689 
0.085101 11797.851757 
0.086174 11652.564966 
0.087248 11505.075356 
0.088322 11354.503058 
0.089396 11200.140211 
0.090470 11041.558135 
0.091544 10878.561328 
0.092617 10711.428178 
0.093691 10540.096675 
0.094765 10365.188604 
0.095839 10187.386985 
0.096913 10007.434646 
0.097987 9826.213681 
0.099060 9644.799978 
0.100134 9463.891674 
0.101208 9284.662065 
0.102282 9108.075747 
0.103356 8935.089731 
0.104430 8766.546624 
0.105503 8603.344870 
0.106577 8445.802168 
0.107651 8294.574637 
0.108725 8149.946448 
0.109799 8012.144707 
0.110872 7881.304537 
0.111946 7757.088414 
0.113020 7639.432508 
0.114094 7528.061216 
0.115168 7422.601985 
0.116242 7322.620171 
0.117315 7227.819740 
0.118389 7137.552117 
0.119463 7051.459625 
0.120537 6969.159677 
0.121611 6890.190934 
0.122685 6814.224520 
0.123758 6740.975425 
0.124832 6669.972028 
0.125906 6600.982550 
0.126980 6533.762960 
0.128054 6468.056555 
0.129128 6403.592997 
0.130201 6340.215905 
0.131275 6277.588460 
0.132349 6215.518908 
0.133423 6153.828065 
0.134497 6092.269953 
0.135570 6030.743037 
0.136644 5968.965091 
0.137718 5906.848255 
0.138792 5844.325977 
0.139866 5781.361915 
0.140940 5717.951031 
0.142013 5654.224454 
0.143087 5590.185049 
0.144161 5526.064190 
0.145235 5462.066112 
0.146309 5398.407477 
0.147383 5335.346876 
0.148456 5273.184120 
0.149530 5212.066505 
0.150604 5152.258618 
0.151678 5093.966236 
0.152752 5037.330073 
0.153826 4982.492402 
0.154899 4929.543515 
0.155973 4878.446130 
0.157047 4829.244748 
0.158121 4781.869949 
0.159195 4736.276226 
0.160268 4692.391935 
0.161342 4650.024730 
0.162416 4609.075465 
0.163490 4569.414108 
0.164564 4530.892805 
0.165638 4493.373654 
0.166711 4456.760849 
0.167785 4420.864019 
0.168859 4385.593784 
0.169933 4350.855877 
0.171007 4316.564645 
0.172081 4282.652238 
0.173154 4249.067281 
0.174228 4215.731828 
0.175302 4182.632666 
0.176376 4149.756442 
0.177450 4117.078581 
0.178523 4084.636878 
0.179597 4052.371601 
0.180671 4020.327902 
0.181745 3988.511706 
0.182819 3956.965484 
0.183893 3925.681719 
0.184966 3894.734234 
0.186040 3864.063495 
0.187114 3833.743319 
0.188188 3803.785954 
0.189262 3774.200623 
0.190336 3745.006916 
0.191409 3716.245680 
0.192483 3687.884324 
0.193557 3659.941392 
0.194631 3632.433129 
0.195705 3605.354970 
0.196779 3578.709309 
0.197852 3552.520727 
0.198926 3526.741835 
0.200000 3501.383766 
0.201000 3478.138885 
0.205353 3381.001141 
0.209800 3287.980274 
0.214344 3198.643979 
0.218986 3112.622063 
0.223729 3029.636588 
0.228574 2949.566296 
0.233524 2872.359391 
0.238582 2798.025292 
0.243749 2726.571783 
0.249028 2657.917778 
0.254421 2591.956063 
0.259931 2528.488438 
0.265560 2467.311542 
0.271312 2408.206550 
0.277187 2350.999128 
0.283190 2295.503632 
0.289324 2241.609093 
0.295589 2189.238786 
0.301991 2138.293910 
0.308531 2088.751656 
0.315213 2040.557742 
0.322040 1993.689619 
0.329014 1948.148193 
0.336140 1903.898267 
0.343420 1860.938489 
0.350857 1819.233971 
0.358456 1778.761551 
0.366219 1739.488837 
0.374150 1701.386388 
0.382253 1664.422414 
0.390531 1628.554300 
0.398989 1593.749296 
0.407630 1559.967146 
0.416458 1527.165974 
0.425478 1495.307716 
0.434692 1464.362983 
0.444106 1434.286490 
0.453724 1405.039942 
0.463551 1376.584707 
0.473590 1348.883323 
0.483846 1321.907653 
0.494325 1295.614636 
0.505031 1269.969243 
0.515968 1244.943992 
0.527143 1220.505189 
0.538559 1196.623913 
0.550223 1173.342714 
0.562139 1150.529682 
0.574313 1128.127172 
0.586751 1106.193393 
0.599459 1084.851853 
0.612441 1063.718440 
0.625705 1042.978523 
0.639256 1022.580657 
0.653100 1002.515003 
0.667244 982.807470 
0.681695 963.468198 
0.696459 944.465378 
0.711542 925.752686 
0.726952 907.238956 
0.742696 889.098004 
0.758780 871.206827 
0.775213 853.569629 
0.792002 836.140125 
0.809154 818.962549 
0.826678 802.028983 
0.844582 785.331405 
0.862873 768.852929 
0.881560 752.584884 
0.900652 736.522903 
0.920158 720.659641 
0.940086 704.996277 
0.960445 689.525602 
0.981246 674.245908 
1.002497 659.152476 
1.024208 644.244423 
1.046389 629.520934 
1.069051 614.979168 
1.092204 600.618673 
1.115858 586.437760 
1.140024 572.439482 
1.164714 558.620707 
1.189938 544.984193 
1.215709 531.530050 
1.242037 518.259862 
1.268936 505.173821 
1.296418 492.275678 
1.324494 479.566023 
1.353179 467.047187 
1.382485 454.720623 
1.412426 442.588095 
1.443015 430.654038 
1.474266 418.918555 
1.506195 407.383613 
1.538814 396.052563 
1.572141 384.924898 
1.606189 374.003340 
1.640974 363.289427 
1.676513 352.784268 
1.712821 342.489363 
1.749916 332.403879 
1.787814 322.529460 
1.826533 312.866286 
1.866090 303.414585 
1.906504 294.173240 
1.947794 285.141449 
1.989977 276.320020 
2.033075 267.706340 
2.077105 259.299948 
2.122089 251.099370 
2.168047 243.102985 
2.215001 235.308285 
2.262972 227.713792 
2.311981 220.317597 
2.362052 213.116623 
2.413207 206.108508 
2.465470 199.290872 
2.518865 192.660200 
2.573416 186.214413 
2.629149 179.950056 
2.686089 173.864243 
2.744262 167.953685 
2.803695 162.215121 
2.864414 156.645059 
2.926449 151.240411 
2.989828 145.997222 
3.054579 140.912661 
3.120732 135.982942 
3.188318 131.204821 
3.257368 126.574350 
3.327913 122.088430 
3.399986 117.743168 
3.473620 113.535446 
3.548848 109.461510 
3.625706 105.517913 
3.704229 101.701156 
3.784451 98.008026 
3.866412 94.434879 
3.950147 90.978842 
4.035696 87.636078 
4.123097 84.403520 
4.212391 81.278371 
4.303620 78.257200 
4.396824 75.337125 
4.492046 72.515298 
4.589331 69.788910 
4.688722 67.155420 
4.790267 64.612278 
4.894010 62.157029 
5.000000 59.787591 
