0.001000 24058.331285 
0.001077 25671.950522 
0.001159 27373.358602 
0.001248 29164.206936 
0.001343 31045.803216 
0.001446 33018.927657 
0.001557 35083.689596 
0.001676 37239.871968 
0.001804 39486.089111 
0.001943 41820.208281 
0.002091 44239.447395 
0.002251 46739.303382 
0.002424 49314.342691 
0.002609 51957.502624 
0.002809 54660.678977 
0.003024 57413.073948 
0.003256 60203.270553 
0.003505 63015.007086 
0.003773 65833.885408 
0.004062 68642.405781 
0.004373 71413.492051 
0.004708 74127.408100 
0.005069 76757.977768 
0.005457 79269.120480 
0.005875 81633.121809 
0.006325 83808.548154 
0.006809 85757.572327 
0.007330 87441.948630 
0.007891 88817.099868 
0.008496 89837.909076 
0.009146 90462.738865 
0.009846 90646.016083 
0.010600 90346.721497 
0.011412 89525.389629 
0.012286 88151.905458 
0.013226 86223.485360 
0.014239 83717.037952 
0.015329 80655.318008 
0.016503 77007.301084 
0.017767 72958.311232 
0.019127 68580.042590 
0.020592 64009.798460 
0.022168 59361.787780 
0.023866 54734.081344 
0.025693 50293.739588 
0.027660 46239.624269 
0.029778 42712.132025 
0.032058 39740.787734 
0.034513 37276.326233 
0.037155 35184.631879 
0.040000 33297.833399 
0.041074 32636.404066 
0.042148 31986.215596 
0.043221 31339.011472 
0.044295 30686.025838 
0.045369 30021.461618 
0.046443 29341.040802 
0.047517 28641.719504 
0.048591 27922.312454 
0.049664 27184.018652 
0.050738 26427.497402 
0.051812 25656.472718 
0.052886 24875.292369 
0.053960 24089.169305 
0.055034 23303.812141 
0.056107 22526.146146 
0.057181 21760.706889 
0.058255 21014.364138 
0.059329 20292.823893 
0.060403 19601.217671 
0.061477 18944.018847 
0.062550 18325.429747 
0.063624 17747.133412 
0.064698 17211.483509 
0.065772 16719.359449 
0.066846 16270.630847 
0.067919 15864.666782 
0.068993 15498.893653 
0.070067 15170.985568 
0.071141 14877.709909 
0.072215 14615.202408 
0.073289 14379.198454 
0.074362 14165.468989 
0.075436 13969.046701 
0.076510 13785.688100 
0.077584 13611.302508 
0.078658 13442.100258 
0.079732 13274.817196 
0.080805 13107.062807 
0.081879 12936.555802 
0.082953 12762.092095 
0.084027 12582.956598 
0.085101 12398.880690 
0.086174 12210.199064 
0.087248 12016.970914 
0.088322 11819.954045 
0.089396 11619.818963 
0.090470 11417.267675 
0.091544 11212.930379 
0.092617 11007.668689 
0.093691 10801.702623 
0.094765 10595.881459 
0.095839 10390.917759 
0.096913 10187.613405 
0.097987 9986.791769 
0.099060 9789.624821 
0.100134 9596.768629 
0.101208 9409.528415 
0.102282 9228.885115 
0.103356 9055.830183 
0.104430 8891.153043 
0.105503 8735.557826 
0.106577 8589.086943 
0.107651 8451.952484 
0.108725 8323.838952 
0.109799 8204.250119 
0.110872 8092.524726 
0.111946 7987.496131 
0.113020 7888.265572 
0.114094 7793.788302 
0.115168 7703.015212 
0.116242 7615.048764 
0.117315 7529.237027 
0.118389 7444.817917 
0.119463 7361.447408 
0.120537 7278.910243 
0.121611 7197.075920 
0.122685 7115.955339 
0.123758 7035.691205 
0.124832 6956.181460 
0.125906 6877.598762 
0.126980 6800.010983 
0.128054 6723.453374 
0.129128 6647.873508 
0.130201 6573.298543 
0.131275 6499.518323 
0.132349 6426.478937 
0.133423 6354.099326 
0.134497 6282.241158 
0.135570 6210.931985 
0.136644 6139.965640 
0.137718 6069.392520 
0.138792 5999.234790 
0.139866 5929.574034 
0.140940 5860.486117 
0.142013 5792.175578 
0.143087 5724.646908 
0.144161 5658.152124 
0.145235 5592.863353 
0.146309 5528.931536 
0.147383 5466.525659 
0.148456 5405.826726 
0.149530 5346.858418 
0.150604 5289.736335 
0.151678 5234.518779 
0.152752 5181.198372 
0.153826 5129.764386 
0.154899 5080.176383 
0.155973 5032.286305 
0.157047 4986.011017 
0.158121 4941.205211 
0.159195 4897.737351 
0.160268 4855.489039 
0.161342 4814.224412 
0.162416 4773.831100 
0.163490 4734.154933 
0.164564 4695.079336 
0.165638 4656.479437 
0.166711 4618.293701 
0.167785 4580.379816 
0.168859 4542.689188 
0.169933 4505.212213 
0.171007 4467.904760 
0.172081 4430.770056 
0.173154 4393.835107 
0.174228 4357.068286 
0.175302 4320.529219 
0.176376 4284.259394 
0.177450 4248.281724 
0.178523 4212.677374 
0.179597 4177.428308 
0.180671 4142.605639 
0.181745 4108.247922 
0.182819 4074.399072 
0.183893 4041.068955 
0.184966 4008.321172 
0.186040 3976.107194 
0.187114 3944.484238 
0.188188 3913.438900 
0.189262 3882.977862 
0.190336 3853.090863 
0.191409 3823.805394 
0.192483 3795.049082 
0.193557 3766.828414 
0.194631 3739.131299 
0.195705 3711.926447 
0.196779 3685.196314 
0.197852 3658.946051 
0.198926 3633.102437 
0.200000 3607.662642 
0.201000 3584.319494 
0.205353 3486.201067 
0.209800 3390.997289 
0.214344 3298.241689 
0.218986 3207.890749 
0.223729 3120.186307 
0.228574 3035.502035 
0.233524 2954.158447 
0.238582 2876.347673 
0.243749 2802.104880 
0.249028 2731.239172 
0.254421 2663.472382 
0.259931 2598.425337 
0.265560 2535.736150 
0.271312 2475.058461 
0.277187 2416.146361 
0.283190 2358.775750 
0.289324 2302.840387 
0.295589 2248.287261 
0.301991 2195.064503 
0.308531 2143.190809 
0.315213 2092.659612 
0.322040 2043.483683 
0.329014 1995.681968 
0.336140 1949.238728 
0.343420 1904.154561 
0.350857 1860.399995 
0.358456 1817.946239 
0.366219 1776.755523 
0.374150 1736.793066 
0.382253 1698.016512 
0.390531 1660.375246 
0.398989 1623.830806 
0.407630 1588.338561 
0.416458 1553.853495 
0.425478 1520.328932 
0.434692 1487.734377 
0.444106 1456.021340 
0.453724 1425.152547 
0.463551 1395.083194 
0.473590 1365.779980 
0.483846 1337.210232 
0.494325 1309.329935 
0.505031 1282.108385 
0.515968 1255.514284 
0.527143 1229.516321 
0.538559 1204.082194 
0.550223 1179.121760 
0.562139 1154.758111 
0.574313 1130.864694 
0.586751 1107.384791 
0.599459 1084.399025 
0.612441 1061.870927 
0.625705 1039.692690 
0.639256 1017.912091 
0.653100 996.512171 
0.667244 975.463118 
0.681695 954.573523 
0.696459 934.117733 
0.711542 914.036550 
0.726952 894.254536 
0.742696 874.762558 
0.758780 855.563077 
0.775213 836.640442 
0.792002 817.976765 
0.809154 799.616475 
0.826678 781.498763 
0.844582 763.613052 
0.862873 745.975848 
0.881560 728.578700 
0.900652 711.418641 
0.920158 694.490393 
0.940086 677.794703 
0.960445 661.326931 
0.981246 645.085612 
1.002497 629.067149 
1.024208 613.271000 
1.046389 597.698736 
1.069051 582.346091 
1.092204 567.215786 
1.115858 552.306758 
1.140024 537.620864 
1.164714 523.157653 
1.189938 508.918427 
1.215709 494.905376 
1.242037 481.120055 
1.268936 467.563225 
1.296418 454.237780 
1.324494 441.145725 
1.353179 428.288534 
1.382485 415.667563 
1.412426 403.284917 
1.443015 391.143279 
1.474266 379.243413 
1.506195 367.586876 
1.538814 356.175040 
1.572141 345.007571 
1.606189 334.086557 
1.640974 323.411561 
1.676513 312.983424 
1.712821 302.801745 
1.749916 292.865182 
1.787814 283.173791 
1.826533 273.726410 
1.866090 264.521684 
1.906504 255.557775 
1.947794 246.831768 
1.989977 238.343222 
2.033075 230.088384 
2.077105 222.065156 
2.122089 214.269921 
2.168047 206.700119 
2.215001 199.351975 
2.262972 192.222393 
2.311981 185.307783 
2.362052 178.603667 
2.413207 172.106684 
2.465470 165.812557 
2.518865 159.717153 
2.573416 153.816251 
2.629149 148.105913 
2.686089 142.581434 
2.744262 137.238479 
2.803695 132.072910 
2.864414 127.079778 
2.926449 122.255298 
2.989828 117.594265 
3.054579 113.093038 
3.120732 108.746835 
3.188318 104.551388 
3.257368 100.502280 
3.327913 96.595490 
3.399986 92.826458 
3.473620 89.191191 
3.548848 85.685826 
3.625706 82.306021 
3.704229 79.048013 
3.784451 75.907995 
3.866412 72.882073 
3.950147 69.966864 
4.035696 67.158579 
4.123097 64.453707 
4.212391 61.849226 
4.303620 59.341590 
4.396824 56.927866 
4.492046 54.604848 
4.589331 52.369805 
4.688722 50.219865 
4.790267 48.152409 
4.894010 46.164742 
5.000000 44.254662 
