0.001000 19393.919842 
0.001077 20707.009941 
0.001159 22098.405449 
0.001248 23570.708275 
0.001343 25126.271011 
0.001446 26767.145499 
0.001557 28494.786656 
0.001676 30310.432880 
0.001804 32214.458468 
0.001943 34206.761401 
0.002091 36286.440142 
0.002251 38451.687572 
0.002424 40699.417024 
0.002609 43025.490361 
0.002809 45424.726249 
0.003024 47889.656187 
0.003256 50412.114783 
0.003505 52979.958998 
0.003773 55581.852044 
0.004062 58204.131091 
0.004373 60824.555894 
0.004708 63425.847409 
0.005069 65986.201404 
0.005457 68474.405229 
0.005875 70863.650968 
0.006325 73119.275706 
0.006809 75207.741616 
0.007330 77089.214348 
0.007891 78720.459109 
0.008496 80056.692198 
0.009146 81058.196858 
0.009846 81682.561047 
0.010600 81888.053077 
0.011412 81630.908569 
0.012286 80876.282896 
0.013226 79593.818733 
0.014239 77767.980757 
0.015329 75405.658106 
0.016503 72475.486544 
0.017767 69121.005491 
0.019127 65441.001891 
0.020592 61471.765977 
0.022168 57412.239522 
0.023866 53283.199673 
0.025693 49257.655041 
0.027660 45524.809644 
0.029778 42250.845144 
0.032058 39456.150639 
0.034513 37117.201621 
0.037155 35125.131624 
0.040000 33321.187752 
0.041074 32687.621522 
0.042148 32065.239826 
0.043221 31446.210614 
0.044295 30821.984127 
0.045369 30187.163298 
0.046443 29537.390807 
0.047517 28869.344068 
0.048591 28181.586222 
0.049664 27474.868561 
0.050738 26749.386755 
0.051812 26008.498847 
0.052886 25256.105887 
0.053960 24497.054873 
0.055034 23736.722408 
0.056107 22981.846312 
0.057181 22236.843925 
0.058255 21508.446244 
0.059329 20802.301264 
0.060403 20123.518376 
0.061477 19476.581825 
0.062550 18865.750489 
0.063624 18292.734585 
0.064698 17760.000617 
0.065772 17268.490353 
0.066846 16818.192486 
0.067919 16408.614128 
0.068993 16037.295368 
0.070067 15702.104760 
0.071141 15400.043306 
0.072215 15127.552216 
0.073289 14880.739468 
0.074362 14655.799607 
0.075436 14448.239778 
0.076510 14254.334030 
0.077584 14070.499706 
0.078658 13893.417693 
0.079732 13720.236195 
0.080805 13548.852215 
0.081879 13377.087541 
0.082953 13203.722514 
0.084027 13027.830917 
0.085101 12848.749575 
0.086174 12666.312395 
0.087248 12480.004771 
0.088322 12289.927679 
0.089396 12096.165840 
0.090470 11898.838460 
0.091544 11698.163838 
0.092617 11494.728721 
0.093691 11288.658398 
0.094765 11080.834209 
0.095839 10872.203263 
0.096913 10663.877502 
0.097987 10457.095698 
0.099060 10253.472160 
0.100134 10054.068242 
0.101208 9860.563266 
0.102282 9674.240676 
0.103356 9496.274880 
0.104430 9327.548603 
0.105503 9168.791352 
0.106577 9019.964421 
0.107651 8881.169862 
0.108725 8751.942725 
0.109799 8631.614682 
0.110872 8519.344096 
0.111946 8413.807955 
0.113020 8313.949191 
0.114094 8218.593571 
0.115168 8126.583254 
0.116242 8036.933094 
0.117315 7948.922231 
0.118389 7861.764387 
0.119463 7775.080899 
0.120537 7688.705775 
0.121611 7602.521285 
0.122685 7516.632134 
0.123758 7431.290447 
0.124832 7346.504105 
0.125906 7262.582438 
0.126980 7179.748947 
0.128054 7098.182684 
0.129128 7017.987353 
0.130201 6939.296284 
0.131275 6861.986116 
0.132349 6786.076527 
0.133423 6711.493025 
0.134497 6638.089819 
0.135570 6565.842157 
0.136644 6494.449292 
0.137718 6423.847762 
0.138792 6353.950586 
0.139866 6284.678388 
0.140940 6215.990340 
0.142013 6147.961394 
0.143087 6080.496035 
0.144161 6013.756211 
0.145235 5947.858613 
0.146309 5882.920412 
0.147383 5819.094948 
0.148456 5756.592475 
0.149530 5695.460615 
0.150604 5635.861605 
0.151678 5577.918970 
0.152752 5521.681900 
0.153826 5467.220827 
0.154899 5414.558763 
0.155973 5363.601029 
0.157047 5314.324088 
0.158121 5266.629627 
0.159195 5220.421794 
0.160268 5175.614497 
0.161342 5131.972959 
0.162416 5089.397775 
0.163490 5047.744178 
0.164564 5006.871298 
0.165638 4966.642098 
0.166711 4926.984156 
0.167785 4887.722563 
0.168859 4848.790490 
0.169933 4810.155597 
0.171007 4771.746417 
0.172081 4733.542585 
0.173154 4695.561213 
0.174228 4657.752063 
0.175302 4620.155199 
0.176376 4582.812440 
0.177450 4545.733272 
0.178523 4509.001696 
0.179597 4472.596977 
0.180671 4436.592502 
0.181745 4401.025544 
0.182819 4365.945902 
0.183893 4331.370919 
0.184966 4297.373552 
0.186040 4263.898981 
0.187114 4231.018624 
0.188188 4198.720551 
0.189262 4167.019034 
0.190336 4135.906825 
0.191409 4105.409673 
0.192483 4075.465602 
0.193557 4046.071907 
0.194631 4017.227464 
0.195705 3988.894657 
0.196779 3961.059906 
0.197852 3933.724645 
0.198926 3906.810830 
0.200000 3880.322578 
0.201000 3856.014496 
0.205353 3753.823239 
0.209800 3654.572110 
0.214344 3557.718237 
0.218986 3463.204315 
0.223729 3371.313101 
0.228574 3282.498930 
0.233524 3197.167940 
0.238582 3115.589424 
0.243749 3037.842307 
0.249028 2963.745548 
0.254421 2892.996768 
0.259931 2825.164608 
0.265560 2759.831971 
0.271312 2696.588739 
0.277187 2635.137792 
0.283190 2575.217161 
0.289324 2516.693860 
0.295589 2459.510878 
0.301991 2403.620666 
0.308531 2349.057316 
0.315213 2295.832624 
0.322040 2243.980063 
0.329014 2193.538270 
0.336140 2144.507669 
0.343420 2096.899523 
0.350857 2050.692864 
0.358456 2005.859882 
0.366219 1962.361738 
0.374150 1920.159575 
0.382253 1879.205768 
0.390531 1839.440044 
0.398989 1800.816357 
0.407630 1763.287796 
0.416458 1726.795175 
0.425478 1691.291777 
0.434692 1656.741215 
0.444106 1623.090643 
0.453724 1590.297615 
0.463551 1558.317388 
0.473590 1527.114850 
0.483846 1496.655867 
0.494325 1466.893669 
0.505031 1437.800066 
0.515968 1409.341126 
0.527143 1381.484568 
0.538559 1354.198539 
0.550223 1327.652070 
0.562139 1301.419988 
0.574313 1275.676707 
0.586751 1250.350544 
0.599459 1225.477040 
0.612441 1201.272760 
0.625705 1177.295904 
0.639256 1153.678177 
0.653100 1130.410770 
0.667244 1107.435988 
0.681695 1084.673424 
0.696459 1062.412669 
0.711542 1040.499445 
0.726952 1018.875352 
0.742696 997.573020 
0.758780 976.541539 
0.775213 955.786737 
0.792002 935.301234 
0.809154 915.070938 
0.826678 895.095794 
0.844582 875.374530 
0.862873 855.900574 
0.881560 836.665060 
0.900652 817.665868 
0.920158 798.898223 
0.940086 780.362802 
0.960445 762.055320 
0.981246 743.975920 
1.002497 726.120653 
1.024208 708.489755 
1.046389 691.085294 
1.069051 673.904564 
1.092204 656.950638 
1.115858 640.223272 
1.140024 623.725610 
1.164714 607.457821 
1.189938 591.422843 
1.215709 575.623050 
1.242037 560.061772 
1.268936 544.740345 
1.296418 529.663262 
1.324494 514.833379 
1.353179 500.253323 
1.382485 485.925601 
1.412426 471.853349 
1.443015 458.040183 
1.474266 444.487598 
1.506195 431.198541 
1.538814 418.175558 
1.572141 405.418556 
1.606189 392.929911 
1.640974 380.711341 
1.676513 368.763475 
1.712821 357.086486 
1.749916 345.679502 
1.787814 334.543602 
1.826533 323.677429 
1.866090 313.080103 
1.906504 302.750384 
1.947794 292.685055 
1.989977 282.884147 
2.033075 273.343772 
2.077105 264.062248 
2.122089 255.035711 
2.168047 246.261520 
2.215001 237.735832 
2.262972 229.455560 
2.311981 221.416763 
2.362052 213.614935 
2.413207 206.046066 
2.465470 198.706046 
2.518865 191.590266 
2.573416 184.694094 
2.629149 178.013547 
2.686089 171.543438 
2.744262 165.278972 
2.803695 159.215480 
2.864414 153.348164 
2.926449 147.672214 
2.989828 142.182478 
3.054579 136.874769 
3.120732 131.743817 
3.188318 126.785081 
3.257368 121.993683 
3.327913 117.365189 
3.399986 112.894790 
3.473620 108.577930 
3.548848 104.410434 
3.625706 100.387589 
3.704229 96.505233 
3.784451 92.759130 
3.866412 89.145099 
3.950147 85.659401 
4.035696 82.297738 
4.123097 79.056321 
4.212391 75.931740 
4.303620 72.920023 
4.396824 70.017941 
4.492046 67.221867 
4.589331 64.528700 
4.688722 61.935310 
4.790267 59.438662 
4.894010 57.035785 
5.000000 54.724154 
