    0.10000E-03    0.18385E+04
    0.10202E-03    0.18709E+04
    0.10408E-03    0.19038E+04
    0.10618E-03    0.19374E+04
    0.10833E-03    0.19715E+04
    0.11052E-03    0.20062E+04
    0.11275E-03    0.20416E+04
    0.11503E-03    0.20775E+04
    0.11735E-03    0.21141E+04
    0.11972E-03    0.21513E+04
    0.12214E-03    0.21891E+04
    0.12461E-03    0.22276E+04
    0.12712E-03    0.22668E+04
    0.12969E-03    0.23067E+04
    0.13231E-03    0.23472E+04
    0.13499E-03    0.23885E+04
    0.13771E-03    0.24304E+04
    0.14049E-03    0.24731E+04
    0.14333E-03    0.25165E+04
    0.14623E-03    0.25607E+04
    0.14918E-03    0.26056E+04
    0.15220E-03    0.26513E+04
    0.15527E-03    0.26978E+04
    0.15841E-03    0.27450E+04
    0.16161E-03    0.27931E+04
    0.16487E-03    0.28420E+04
    0.16820E-03    0.28917E+04
    0.17160E-03    0.29423E+04
    0.17507E-03    0.29938E+04
    0.17860E-03    0.30461E+04
    0.18221E-03    0.30993E+04
    0.18589E-03    0.31534E+04
    0.18965E-03    0.32084E+04
    0.19348E-03    0.32644E+04
    0.19739E-03    0.33213E+04
    0.20138E-03    0.33791E+04
    0.20544E-03    0.34380E+04
    0.20959E-03    0.34978E+04
    0.21383E-03    0.35586E+04
    0.21815E-03    0.36204E+04
    0.22255E-03    0.36833E+04
    0.22705E-03    0.37471E+04
    0.23164E-03    0.38121E+04
    0.23632E-03    0.38781E+04
    0.24109E-03    0.39452E+04
    0.24596E-03    0.40135E+04
    0.25093E-03    0.40828E+04
    0.25600E-03    0.41533E+04
    0.26117E-03    0.42249E+04
    0.26645E-03    0.42977E+04
    0.27183E-03    0.43716E+04
    0.27732E-03    0.44468E+04
    0.28292E-03    0.45232E+04
    0.28864E-03    0.46008E+04
    0.29447E-03    0.46796E+04
    0.30042E-03    0.47597E+04
    0.30649E-03    0.48411E+04
    0.31268E-03    0.49237E+04
    0.31899E-03    0.50077E+04
    0.32544E-03    0.50930E+04
    0.33201E-03    0.51796E+04
    0.33872E-03    0.52676E+04
    0.34556E-03    0.53569E+04
    0.35254E-03    0.54476E+04
    0.35966E-03    0.55397E+04
    0.36693E-03    0.56333E+04
    0.37434E-03    0.57282E+04
    0.38190E-03    0.58246E+04
    0.38962E-03    0.59225E+04
    0.39749E-03    0.60218E+04
    0.40552E-03    0.61227E+04
    0.41371E-03    0.62250E+04
    0.42207E-03    0.63289E+04
    0.43060E-03    0.64343E+04
    0.43929E-03    0.65413E+04
    0.44817E-03    0.66498E+04
    0.45722E-03    0.67599E+04
    0.46646E-03    0.68716E+04
    0.47588E-03    0.69850E+04
    0.48550E-03    0.71000E+04
    0.49530E-03    0.72166E+04
    0.50531E-03    0.73349E+04
    0.51552E-03    0.74549E+04
    0.52593E-03    0.75766E+04
    0.53656E-03    0.77000E+04
    0.54739E-03    0.78252E+04
    0.55845E-03    0.79521E+04
    0.56973E-03    0.80808E+04
    0.58124E-03    0.82114E+04
    0.59299E-03    0.83437E+04
    0.60496E-03    0.84779E+04
    0.61719E-03    0.86139E+04
    0.62965E-03    0.87519E+04
    0.64237E-03    0.88917E+04
    0.65535E-03    0.90335E+04
    0.66859E-03    0.91772E+04
    0.68210E-03    0.93230E+04
    0.69588E-03    0.94707E+04
    0.70993E-03    0.96205E+04
    0.72427E-03    0.97723E+04
    0.73891E-03    0.99262E+04
    0.75383E-03    0.10082E+05
    0.76906E-03    0.10241E+05
    0.78460E-03    0.10401E+05
    0.80045E-03    0.10564E+05
    0.81662E-03    0.10728E+05
    0.83311E-03    0.10896E+05
    0.84994E-03    0.11065E+05
    0.86711E-03    0.11237E+05
    0.88463E-03    0.11411E+05
    0.90250E-03    0.11588E+05
    0.92073E-03    0.11767E+05
    0.93933E-03    0.11948E+05
    0.95831E-03    0.12132E+05
    0.97767E-03    0.12319E+05
    0.99742E-03    0.12508E+05
    0.10176E-02    0.12700E+05
    0.10381E-02    0.12895E+05
    0.10591E-02    0.13092E+05
    0.10805E-02    0.13292E+05
    0.11023E-02    0.13495E+05
    0.11246E-02    0.13700E+05
    0.11473E-02    0.13909E+05
    0.11705E-02    0.14120E+05
    0.11941E-02    0.14334E+05
    0.12182E-02    0.14551E+05
    0.12429E-02    0.14771E+05
    0.12680E-02    0.14994E+05
    0.12936E-02    0.15219E+05
    0.13197E-02    0.15448E+05
    0.13464E-02    0.15680E+05
    0.13736E-02    0.15915E+05
    0.14013E-02    0.16153E+05
    0.14296E-02    0.16394E+05
    0.14585E-02    0.16638E+05
    0.14880E-02    0.16885E+05
    0.15180E-02    0.17135E+05
    0.15487E-02    0.17388E+05
    0.15800E-02    0.17644E+05
    0.16119E-02    0.17904E+05
    0.16445E-02    0.18166E+05
    0.16777E-02    0.18432E+05
    0.17116E-02    0.18700E+05
    0.17462E-02    0.18972E+05
    0.17814E-02    0.19246E+05
    0.18174E-02    0.19524E+05
    0.18541E-02    0.19805E+05
    0.18916E-02    0.20089E+05
    0.19298E-02    0.20375E+05
    0.19688E-02    0.20665E+05
    0.20086E-02    0.20958E+05
    0.20491E-02    0.21253E+05
    0.20905E-02    0.21552E+05
    0.21328E-02    0.21853E+05
    0.21758E-02    0.22157E+05
    0.22198E-02    0.22464E+05
    0.22646E-02    0.22773E+05
    0.23104E-02    0.23085E+05
    0.23571E-02    0.23400E+05
    0.24047E-02    0.23717E+05
    0.24533E-02    0.24037E+05
    0.25028E-02    0.24359E+05
    0.25534E-02    0.24683E+05
    0.26050E-02    0.25010E+05
    0.26576E-02    0.25339E+05
    0.27113E-02    0.25670E+05
    0.27660E-02    0.26003E+05
    0.28219E-02    0.26338E+05
    0.28789E-02    0.26675E+05
    0.29371E-02    0.27013E+05
    0.29964E-02    0.27353E+05
    0.30569E-02    0.27695E+05
    0.31187E-02    0.28038E+05
    0.31817E-02    0.28383E+05
    0.32460E-02    0.28728E+05
    0.33115E-02    0.29075E+05
    0.33784E-02    0.29422E+05
    0.34467E-02    0.29771E+05
    0.35163E-02    0.30120E+05
    0.35874E-02    0.30469E+05
    0.36598E-02    0.30819E+05
    0.37338E-02    0.31169E+05
    0.38092E-02    0.31518E+05
    0.38861E-02    0.31868E+05
    0.39646E-02    0.32218E+05
    0.40447E-02    0.32566E+05
    0.41264E-02    0.32915E+05
    0.42098E-02    0.33262E+05
    0.42948E-02    0.33608E+05
    0.43816E-02    0.33953E+05
    0.44701E-02    0.34296E+05
    0.45604E-02    0.34637E+05
    0.46525E-02    0.34977E+05
    0.47465E-02    0.35314E+05
    0.48424E-02    0.35649E+05
    0.49402E-02    0.35981E+05
    0.50400E-02    0.36311E+05
    0.51419E-02    0.36637E+05
    0.52457E-02    0.36959E+05
    0.53517E-02    0.37278E+05
    0.54598E-02    0.37593E+05
    0.55701E-02    0.37904E+05
    0.56826E-02    0.38210E+05
    0.57974E-02    0.38511E+05
    0.59145E-02    0.38807E+05
    0.60340E-02    0.39098E+05
    0.61559E-02    0.39383E+05
    0.62803E-02    0.39661E+05
    0.64072E-02    0.39933E+05
    0.65366E-02    0.40199E+05
    0.66686E-02    0.40457E+05
    0.68033E-02    0.40708E+05
    0.69408E-02    0.40951E+05
    0.70810E-02    0.41186E+05
    0.72240E-02    0.41412E+05
    0.73700E-02    0.41630E+05
    0.75189E-02    0.41838E+05
    0.76708E-02    0.42037E+05
    0.78257E-02    0.42225E+05
    0.79838E-02    0.42403E+05
    0.81451E-02    0.42571E+05
    0.83096E-02    0.42727E+05
    0.84775E-02    0.42871E+05
    0.86488E-02    0.43004E+05
    0.88235E-02    0.43124E+05
    0.90017E-02    0.43231E+05
    0.91836E-02    0.43325E+05
    0.93691E-02    0.43406E+05
    0.95583E-02    0.43472E+05
    0.97514E-02    0.43524E+05
    0.99484E-02    0.43561E+05
    0.10149E-01    0.43582E+05
    0.10354E-01    0.43589E+05
    0.10564E-01    0.43579E+05
    0.10777E-01    0.43552E+05
    0.10995E-01    0.43509E+05
    0.11217E-01    0.43448E+05
    0.11443E-01    0.43370E+05
    0.11675E-01    0.43275E+05
    0.11910E-01    0.43160E+05
    0.12151E-01    0.43028E+05
    0.12397E-01    0.42876E+05
    0.12647E-01    0.42705E+05
    0.12902E-01    0.42515E+05
    0.13163E-01    0.42305E+05
    0.13429E-01    0.42075E+05
    0.13700E-01    0.41825E+05
    0.13977E-01    0.41555E+05
    0.14259E-01    0.41265E+05
    0.14547E-01    0.40954E+05
    0.14841E-01    0.40623E+05
    0.15141E-01    0.40271E+05
    0.15447E-01    0.39899E+05
    0.15759E-01    0.39507E+05
    0.16077E-01    0.39094E+05
    0.16402E-01    0.38661E+05
    0.16734E-01    0.38209E+05
    0.17072E-01    0.37738E+05
    0.17416E-01    0.37247E+05
    0.17768E-01    0.36738E+05
    0.18127E-01    0.36211E+05
    0.18493E-01    0.35667E+05
    0.18867E-01    0.35105E+05
    0.19248E-01    0.34528E+05
    0.19637E-01    0.33936E+05
    0.20034E-01    0.33329E+05
    0.20438E-01    0.32709E+05
    0.20851E-01    0.32077E+05
    0.21272E-01    0.31434E+05
    0.21702E-01    0.30780E+05
    0.22141E-01    0.30118E+05
    0.22588E-01    0.29448E+05
    0.23044E-01    0.28773E+05
    0.23510E-01    0.28093E+05
    0.23985E-01    0.27410E+05
    0.24469E-01    0.26725E+05
    0.24964E-01    0.26041E+05
    0.25468E-01    0.25358E+05
    0.25982E-01    0.24678E+05
    0.26507E-01    0.24004E+05
    0.27043E-01    0.23336E+05
    0.27589E-01    0.22676E+05
    0.28146E-01    0.22026E+05
    0.28715E-01    0.21388E+05
    0.29295E-01    0.20763E+05
    0.29887E-01    0.20152E+05
    0.30490E-01    0.19557E+05
    0.31106E-01    0.18979E+05
    0.31735E-01    0.18420E+05
    0.32376E-01    0.17880E+05
    0.33030E-01    0.17361E+05
    0.33697E-01    0.16864E+05
    0.34378E-01    0.16389E+05
    0.35072E-01    0.15937E+05
    0.35781E-01    0.15509E+05
    0.36504E-01    0.15104E+05
    0.37241E-01    0.14723E+05
    0.37993E-01    0.14365E+05
    0.38761E-01    0.14031E+05
    0.39544E-01    0.13719E+05
    0.40343E-01    0.13430E+05
    0.41158E-01    0.13163E+05
    0.41989E-01    0.12916E+05
    0.42838E-01    0.12687E+05
    0.43703E-01    0.12476E+05
    0.44586E-01    0.12281E+05
    0.45486E-01    0.12099E+05
    0.46405E-01    0.11929E+05
    0.47343E-01    0.11768E+05
    0.48299E-01    0.11613E+05
    0.49275E-01    0.11462E+05
    0.50270E-01    0.11312E+05
    0.51286E-01    0.11160E+05
    0.52322E-01    0.11003E+05
    0.53379E-01    0.10838E+05
    0.54457E-01    0.10662E+05
    0.55557E-01    0.10473E+05
    0.56680E-01    0.10269E+05
    0.57825E-01    0.10048E+05
    0.58993E-01    0.98092E+04
    0.60184E-01    0.95512E+04
    0.61400E-01    0.92743E+04
    0.62641E-01    0.89794E+04
    0.63906E-01    0.86678E+04
    0.65197E-01    0.83416E+04
    0.66514E-01    0.80039E+04
    0.67858E-01    0.76583E+04
    0.69229E-01    0.73085E+04
    0.70627E-01    0.69588E+04
    0.72054E-01    0.66137E+04
    0.73510E-01    0.62777E+04
    0.74994E-01    0.59552E+04
    0.76509E-01    0.56500E+04
    0.78055E-01    0.53655E+04
    0.79632E-01    0.51046E+04
    0.81241E-01    0.48695E+04
    0.82882E-01    0.46613E+04
    0.84556E-01    0.44804E+04
    0.86264E-01    0.43266E+04
    0.88007E-01    0.41985E+04
    0.89785E-01    0.40941E+04
    0.91598E-01    0.40104E+04
    0.93449E-01    0.39436E+04
    0.95337E-01    0.38890E+04
    0.97263E-01    0.38418E+04
    0.99227E-01    0.37968E+04
    0.10123E+00    0.37487E+04
    0.10328E+00    0.36924E+04
    0.10536E+00    0.36232E+04
    0.10749E+00    0.35376E+04
    0.10966E+00    0.34339E+04
    0.11188E+00    0.33118E+04
    0.11414E+00    0.31731E+04
    0.11644E+00    0.30209E+04
    0.11880E+00    0.28598E+04
    0.12120E+00    0.26953E+04
    0.12365E+00    0.25335E+04
    0.12614E+00    0.23803E+04
    0.12869E+00    0.22405E+04
    0.13129E+00    0.21176E+04
    0.13394E+00    0.20140E+04
    0.13665E+00    0.19303E+04
    0.13941E+00    0.18655E+04
    0.14223E+00    0.18172E+04
    0.14510E+00    0.17812E+04
    0.14803E+00    0.17528E+04
    0.15102E+00    0.17267E+04
    0.15407E+00    0.16974E+04
    0.15718E+00    0.16602E+04
    0.16036E+00    0.16121E+04
    0.16360E+00    0.15521E+04
    0.16690E+00    0.14813E+04
    0.17028E+00    0.14028E+04
    0.17371E+00    0.13213E+04
    0.17722E+00    0.12418E+04
    0.18080E+00    0.11688E+04
    0.18446E+00    0.11058E+04
    0.18818E+00    0.10544E+04
    0.19198E+00    0.10146E+04
    0.19586E+00    0.98420E+03
    0.19982E+00    0.96014E+03
    0.20386E+00    0.93831E+03
    0.20797E+00    0.91473E+03
    0.21218E+00    0.88647E+03
    0.21646E+00    0.85218E+03
    0.22083E+00    0.81243E+03
    0.22530E+00    0.76957E+03
    0.22985E+00    0.72675E+03
    0.23449E+00    0.68712E+03
    0.23923E+00    0.65294E+03
    0.24406E+00    0.62493E+03
    0.24899E+00    0.60237E+03
    0.25402E+00    0.58327E+03
    0.25915E+00    0.56511E+03
    0.26439E+00    0.54572E+03
    0.26973E+00    0.52384E+03
    0.27518E+00    0.49969E+03
    0.28074E+00    0.47455E+03
    0.28641E+00    0.45027E+03
    0.29219E+00    0.42837E+03
    0.29810E+00    0.40954E+03
    0.30412E+00    0.39339E+03
    0.31026E+00    0.37879E+03
    0.31653E+00    0.36441E+03
    0.32292E+00    0.34935E+03
    0.32945E+00    0.33351E+03
    0.33610E+00    0.31751E+03
    0.34289E+00    0.30226E+03
    0.34982E+00    0.28842E+03
    0.35689E+00    0.27604E+03
    0.36409E+00    0.26468E+03
    0.37145E+00    0.25369E+03
    0.37895E+00    0.24262E+03
    0.38661E+00    0.23151E+03
    0.39442E+00    0.22068E+03
    0.40239E+00    0.21050E+03
    0.41052E+00    0.20113E+03
    0.41881E+00    0.19238E+03
    0.42727E+00    0.18396E+03
    0.43590E+00    0.17569E+03
    0.44471E+00    0.16761E+03
    0.45369E+00    0.15987E+03
    0.46286E+00    0.15258E+03
    0.47221E+00    0.14573E+03
    0.48174E+00    0.13917E+03
    0.49148E+00    0.13283E+03
    0.50141E+00    0.12670E+03
    0.51153E+00    0.12085E+03
    0.52187E+00    0.11530E+03
    0.53241E+00    0.11003E+03
    0.54317E+00    0.10497E+03
    0.55414E+00    0.10011E+03
    0.56533E+00    0.95462E+02
    0.57675E+00    0.91035E+02
    0.58840E+00    0.86816E+02
    0.60029E+00    0.82780E+02
    0.61242E+00    0.78918E+02
    0.62479E+00    0.75230E+02
    0.63741E+00    0.71713E+02
    0.65029E+00    0.68356E+02
    0.66342E+00    0.65148E+02
    0.67683E+00    0.62084E+02
    0.69050E+00    0.59160E+02
    0.70445E+00    0.56371E+02
    0.71868E+00    0.53707E+02
    0.73320E+00    0.51165E+02
    0.74801E+00    0.48740E+02
    0.76312E+00    0.46426E+02
    0.77854E+00    0.44219E+02
    0.79426E+00    0.42113E+02
    0.81031E+00    0.40105E+02
    0.82668E+00    0.38190E+02
    0.84338E+00    0.36363E+02
    0.86041E+00    0.34622E+02
    0.87780E+00    0.32961E+02
    0.89553E+00    0.31377E+02
    0.91362E+00    0.29867E+02
    0.93208E+00    0.28428E+02
    0.95091E+00    0.27057E+02
    0.97011E+00    0.25749E+02
    0.98971E+00    0.24504E+02
    0.10097E+01    0.23317E+02
    0.10301E+01    0.22186E+02
    0.10509E+01    0.21108E+02
    0.10721E+01    0.20082E+02
    0.10938E+01    0.19104E+02
    0.11159E+01    0.18172E+02
    0.11384E+01    0.17285E+02
    0.11614E+01    0.16440E+02
    0.11849E+01    0.15635E+02
    0.12088E+01    0.14869E+02
    0.12333E+01    0.14139E+02
    0.12582E+01    0.13445E+02
    0.12836E+01    0.12783E+02
    0.13095E+01    0.12154E+02
    0.13360E+01    0.11554E+02
    0.13630E+01    0.10984E+02
    0.13905E+01    0.10441E+02
    0.14186E+01    0.99246E+01
    0.14472E+01    0.94330E+01
    0.14765E+01    0.89653E+01
    0.15063E+01    0.85202E+01
    0.15367E+01    0.80968E+01
    0.15678E+01    0.76939E+01
    0.15994E+01    0.73108E+01
    0.16318E+01    0.69463E+01
    0.16647E+01    0.65996E+01
    0.16984E+01    0.62698E+01
    0.17327E+01    0.59562E+01
    0.17677E+01    0.56580E+01
    0.18034E+01    0.53744E+01
    0.18398E+01    0.51048E+01
    0.18770E+01    0.48484E+01
    0.19149E+01    0.46047E+01
    0.19536E+01    0.43730E+01
    0.19930E+01    0.41527E+01
    0.20333E+01    0.39434E+01
    0.20744E+01    0.37444E+01
    0.21163E+01    0.35552E+01
    0.21590E+01    0.33755E+01
    0.22026E+01    0.32047E+01
    0.22471E+01    0.30423E+01
    0.22925E+01    0.28881E+01
    0.23388E+01    0.27415E+01
    0.23861E+01    0.26023E+01
    0.24343E+01    0.24700E+01
    0.24835E+01    0.23443E+01
    0.25336E+01    0.22249E+01
    0.25848E+01    0.21115E+01
    0.26370E+01    0.20038E+01
    0.26903E+01    0.19015E+01
    0.27447E+01    0.18043E+01
    0.28001E+01    0.17121E+01
    0.28567E+01    0.16244E+01
    0.29144E+01    0.15412E+01
    0.29733E+01    0.14622E+01
    0.30333E+01    0.13872E+01
    0.30946E+01    0.13159E+01
    0.31571E+01    0.12483E+01
    0.32209E+01    0.11841E+01
    0.32860E+01    0.11231E+01
    0.33523E+01    0.10653E+01
    0.34201E+01    0.10104E+01
    0.34892E+01    0.95825E+00
    0.35596E+01    0.90877E+00
    0.36316E+01    0.86182E+00
    0.37049E+01    0.81725E+00
    0.37798E+01    0.77496E+00
    0.38561E+01    0.73483E+00
    0.39340E+01    0.69675E+00
    0.40135E+01    0.66062E+00
    0.40946E+01    0.62634E+00
    0.41773E+01    0.59381E+00
    0.42617E+01    0.56295E+00
    0.43478E+01    0.53367E+00
    0.44356E+01    0.50590E+00
    0.45252E+01    0.47956E+00
    0.46166E+01    0.45457E+00
    0.47099E+01    0.43086E+00
    0.48050E+01    0.40838E+00
    0.49021E+01    0.38705E+00
    0.50011E+01    0.36683E+00
    0.51021E+01    0.34765E+00
    0.52052E+01    0.32946E+00
    0.53104E+01    0.31221E+00
    0.54176E+01    0.29586E+00
    0.55271E+01    0.28035E+00
    0.56387E+01    0.26565E+00
    0.57526E+01    0.25170E+00
    0.58689E+01    0.23849E+00
    0.59874E+01    0.22595E+00
    0.61084E+01    0.21407E+00
    0.62318E+01    0.20281E+00
    0.63577E+01    0.19213E+00
    0.64861E+01    0.18201E+00
    0.66171E+01    0.17242E+00
    0.67508E+01    0.16333E+00
    0.68872E+01    0.15471E+00
    0.70263E+01    0.14654E+00
    0.71682E+01    0.13880E+00
    0.73130E+01    0.13146E+00
    0.74608E+01    0.12451E+00
    0.76115E+01    0.11792E+00
    0.77653E+01    0.11168E+00
    0.79221E+01    0.10576E+00
    0.80822E+01    0.10015E+00
    0.82454E+01    0.94842E-01
    0.84120E+01    0.89809E-01
    0.85819E+01    0.85041E-01
    0.87553E+01    0.80523E-01
    0.89322E+01    0.76244E-01
    0.91126E+01    0.72189E-01
    0.92967E+01    0.68349E-01
    0.94845E+01    0.64710E-01
    0.96761E+01    0.61264E-01
    0.98716E+01    0.57999E-01
    0.10071E+02    0.54907E-01
    0.10274E+02    0.51978E-01
    0.10482E+02    0.49204E-01
    0.10694E+02    0.46577E-01
    0.10910E+02    0.44088E-01
    0.11130E+02    0.41732E-01
    0.11355E+02    0.39500E-01
    0.11584E+02    0.37387E-01
    0.11818E+02    0.35386E-01
    0.12057E+02    0.33491E-01
    0.12301E+02    0.31696E-01
    0.12549E+02    0.29997E-01
    0.12803E+02    0.28389E-01
    0.13061E+02    0.26865E-01
    0.13325E+02    0.25423E-01
    0.13594E+02    0.24058E-01
    0.13869E+02    0.22765E-01
    0.14149E+02    0.21541E-01
    0.14435E+02    0.20383E-01
    0.14727E+02    0.19286E-01
    0.15024E+02    0.18248E-01
    0.15328E+02    0.17265E-01
    0.15637E+02    0.16335E-01
    0.15953E+02    0.15455E-01
    0.16275E+02    0.14621E-01
    0.16604E+02    0.13832E-01
    0.16940E+02    0.13086E-01
    0.17282E+02    0.12379E-01
    0.17631E+02    0.11710E-01
    0.17987E+02    0.11077E-01
    0.18351E+02    0.10479E-01
    0.18721E+02    0.99117E-02
    0.19099E+02    0.93753E-02
    0.19485E+02    0.88678E-02
    0.19879E+02    0.83874E-02
