    0.10000E-03    0.23039E+03
    0.10202E-03    0.23450E+03
    0.10408E-03    0.23869E+03
    0.10618E-03    0.24295E+03
    0.10833E-03    0.24728E+03
    0.11052E-03    0.25169E+03
    0.11275E-03    0.25619E+03
    0.11503E-03    0.26076E+03
    0.11735E-03    0.26541E+03
    0.11972E-03    0.27015E+03
    0.12214E-03    0.27497E+03
    0.12461E-03    0.27988E+03
    0.12712E-03    0.28487E+03
    0.12969E-03    0.28996E+03
    0.13231E-03    0.29513E+03
    0.13499E-03    0.30040E+03
    0.13771E-03    0.30576E+03
    0.14049E-03    0.31122E+03
    0.14333E-03    0.31677E+03
    0.14623E-03    0.32243E+03
    0.14918E-03    0.32818E+03
    0.15220E-03    0.33404E+03
    0.15527E-03    0.34001E+03
    0.15841E-03    0.34608E+03
    0.16161E-03    0.35226E+03
    0.16487E-03    0.35855E+03
    0.16820E-03    0.36495E+03
    0.17160E-03    0.37147E+03
    0.17507E-03    0.37810E+03
    0.17860E-03    0.38485E+03
    0.18221E-03    0.39172E+03
    0.18589E-03    0.39872E+03
    0.18965E-03    0.40584E+03
    0.19348E-03    0.41309E+03
    0.19739E-03    0.42047E+03
    0.20138E-03    0.42798E+03
    0.20544E-03    0.43563E+03
    0.20959E-03    0.44341E+03
    0.21383E-03    0.45134E+03
    0.21815E-03    0.45940E+03
    0.22255E-03    0.46761E+03
    0.22705E-03    0.47597E+03
    0.23164E-03    0.48448E+03
    0.23632E-03    0.49314E+03
    0.24109E-03    0.50195E+03
    0.24596E-03    0.51093E+03
    0.25093E-03    0.52006E+03
    0.25600E-03    0.52936E+03
    0.26117E-03    0.53883E+03
    0.26645E-03    0.54847E+03
    0.27183E-03    0.55828E+03
    0.27732E-03    0.56826E+03
    0.28292E-03    0.57843E+03
    0.28864E-03    0.58878E+03
    0.29447E-03    0.59932E+03
    0.30042E-03    0.61004E+03
    0.30649E-03    0.62096E+03
    0.31268E-03    0.63208E+03
    0.31899E-03    0.64339E+03
    0.32544E-03    0.65491E+03
    0.33201E-03    0.66664E+03
    0.33872E-03    0.67858E+03
    0.34556E-03    0.69073E+03
    0.35254E-03    0.70311E+03
    0.35966E-03    0.71571E+03
    0.36693E-03    0.72853E+03
    0.37434E-03    0.74159E+03
    0.38190E-03    0.75488E+03
    0.38962E-03    0.76842E+03
    0.39749E-03    0.78219E+03
    0.40552E-03    0.79622E+03
    0.41371E-03    0.81050E+03
    0.42207E-03    0.82504E+03
    0.43060E-03    0.83984E+03
    0.43929E-03    0.85491E+03
    0.44817E-03    0.87026E+03
    0.45722E-03    0.88588E+03
    0.46646E-03    0.90178E+03
    0.47588E-03    0.91797E+03
    0.48550E-03    0.93446E+03
    0.49530E-03    0.95124E+03
    0.50531E-03    0.96833E+03
    0.51552E-03    0.98572E+03
    0.52593E-03    0.10034E+04
    0.53656E-03    0.10215E+04
    0.54739E-03    0.10398E+04
    0.55845E-03    0.10585E+04
    0.56973E-03    0.10775E+04
    0.58124E-03    0.10969E+04
    0.59299E-03    0.11166E+04
    0.60496E-03    0.11367E+04
    0.61719E-03    0.11571E+04
    0.62965E-03    0.11780E+04
    0.64237E-03    0.11991E+04
    0.65535E-03    0.12207E+04
    0.66859E-03    0.12426E+04
    0.68210E-03    0.12650E+04
    0.69588E-03    0.12877E+04
    0.70993E-03    0.13109E+04
    0.72427E-03    0.13345E+04
    0.73891E-03    0.13584E+04
    0.75383E-03    0.13829E+04
    0.76906E-03    0.14077E+04
    0.78460E-03    0.14330E+04
    0.80045E-03    0.14587E+04
    0.81662E-03    0.14849E+04
    0.83311E-03    0.15116E+04
    0.84994E-03    0.15387E+04
    0.86711E-03    0.15663E+04
    0.88463E-03    0.15944E+04
    0.90250E-03    0.16229E+04
    0.92073E-03    0.16520E+04
    0.93933E-03    0.16816E+04
    0.95831E-03    0.17116E+04
    0.97767E-03    0.17422E+04
    0.99742E-03    0.17733E+04
    0.10176E-02    0.18050E+04
    0.10381E-02    0.18371E+04
    0.10591E-02    0.18699E+04
    0.10805E-02    0.19031E+04
    0.11023E-02    0.19369E+04
    0.11246E-02    0.19713E+04
    0.11473E-02    0.20063E+04
    0.11705E-02    0.20418E+04
    0.11941E-02    0.20779E+04
    0.12182E-02    0.21146E+04
    0.12429E-02    0.21519E+04
    0.12680E-02    0.21898E+04
    0.12936E-02    0.22283E+04
    0.13197E-02    0.22674E+04
    0.13464E-02    0.23071E+04
    0.13736E-02    0.23475E+04
    0.14013E-02    0.23885E+04
    0.14296E-02    0.24301E+04
    0.14585E-02    0.24724E+04
    0.14880E-02    0.25153E+04
    0.15180E-02    0.25588E+04
    0.15487E-02    0.26031E+04
    0.15800E-02    0.26480E+04
    0.16119E-02    0.26936E+04
    0.16445E-02    0.27398E+04
    0.16777E-02    0.27868E+04
    0.17116E-02    0.28344E+04
    0.17462E-02    0.28827E+04
    0.17814E-02    0.29318E+04
    0.18174E-02    0.29815E+04
    0.18541E-02    0.30320E+04
    0.18916E-02    0.30832E+04
    0.19298E-02    0.31351E+04
    0.19688E-02    0.31877E+04
    0.20086E-02    0.32411E+04
    0.20491E-02    0.32952E+04
    0.20905E-02    0.33501E+04
    0.21328E-02    0.34057E+04
    0.21758E-02    0.34621E+04
    0.22198E-02    0.35192E+04
    0.22646E-02    0.35771E+04
    0.23104E-02    0.36357E+04
    0.23571E-02    0.36952E+04
    0.24047E-02    0.37553E+04
    0.24533E-02    0.38163E+04
    0.25028E-02    0.38781E+04
    0.25534E-02    0.39406E+04
    0.26050E-02    0.40039E+04
    0.26576E-02    0.40680E+04
    0.27113E-02    0.41328E+04
    0.27660E-02    0.41985E+04
    0.28219E-02    0.42649E+04
    0.28789E-02    0.43321E+04
    0.29371E-02    0.44001E+04
    0.29964E-02    0.44689E+04
    0.30569E-02    0.45385E+04
    0.31187E-02    0.46088E+04
    0.31817E-02    0.46799E+04
    0.32460E-02    0.47518E+04
    0.33115E-02    0.48244E+04
    0.33784E-02    0.48978E+04
    0.34467E-02    0.49720E+04
    0.35163E-02    0.50469E+04
    0.35874E-02    0.51226E+04
    0.36598E-02    0.51990E+04
    0.37338E-02    0.52761E+04
    0.38092E-02    0.53539E+04
    0.38861E-02    0.54325E+04
    0.39646E-02    0.55117E+04
    0.40447E-02    0.55917E+04
    0.41264E-02    0.56723E+04
    0.42098E-02    0.57536E+04
    0.42948E-02    0.58355E+04
    0.43816E-02    0.59180E+04
    0.44701E-02    0.60012E+04
    0.45604E-02    0.60850E+04
    0.46525E-02    0.61693E+04
    0.47465E-02    0.62542E+04
    0.48424E-02    0.63396E+04
    0.49402E-02    0.64256E+04
    0.50400E-02    0.65121E+04
    0.51419E-02    0.65990E+04
    0.52457E-02    0.66864E+04
    0.53517E-02    0.67742E+04
    0.54598E-02    0.68623E+04
    0.55701E-02    0.69509E+04
    0.56826E-02    0.70397E+04
    0.57974E-02    0.71289E+04
    0.59145E-02    0.72183E+04
    0.60340E-02    0.73079E+04
    0.61559E-02    0.73978E+04
    0.62803E-02    0.74878E+04
    0.64072E-02    0.75778E+04
    0.65366E-02    0.76680E+04
    0.66686E-02    0.77582E+04
    0.68033E-02    0.78484E+04
    0.69408E-02    0.79384E+04
    0.70810E-02    0.80284E+04
    0.72240E-02    0.81182E+04
    0.73700E-02    0.82078E+04
    0.75189E-02    0.82971E+04
    0.76708E-02    0.83861E+04
    0.78257E-02    0.84746E+04
    0.79838E-02    0.85628E+04
    0.81451E-02    0.86504E+04
    0.83096E-02    0.87374E+04
    0.84775E-02    0.88238E+04
    0.86488E-02    0.89094E+04
    0.88235E-02    0.89943E+04
    0.90017E-02    0.90783E+04
    0.91836E-02    0.91614E+04
    0.93691E-02    0.92434E+04
    0.95583E-02    0.93244E+04
    0.97514E-02    0.94042E+04
    0.99484E-02    0.94827E+04
    0.10149E-01    0.95599E+04
    0.10354E-01    0.96356E+04
    0.10564E-01    0.97099E+04
    0.10777E-01    0.97825E+04
    0.10995E-01    0.98534E+04
    0.11217E-01    0.99225E+04
    0.11443E-01    0.99897E+04
    0.11675E-01    0.10055E+05
    0.11910E-01    0.10118E+05
    0.12151E-01    0.10179E+05
    0.12397E-01    0.10238E+05
    0.12647E-01    0.10294E+05
    0.12902E-01    0.10347E+05
    0.13163E-01    0.10398E+05
    0.13429E-01    0.10447E+05
    0.13700E-01    0.10492E+05
    0.13977E-01    0.10535E+05
    0.14259E-01    0.10574E+05
    0.14547E-01    0.10611E+05
    0.14841E-01    0.10644E+05
    0.15141E-01    0.10673E+05
    0.15447E-01    0.10700E+05
    0.15759E-01    0.10722E+05
    0.16077E-01    0.10741E+05
    0.16402E-01    0.10756E+05
    0.16734E-01    0.10768E+05
    0.17072E-01    0.10775E+05
    0.17416E-01    0.10778E+05
    0.17768E-01    0.10777E+05
    0.18127E-01    0.10772E+05
    0.18493E-01    0.10763E+05
    0.18867E-01    0.10749E+05
    0.19248E-01    0.10731E+05
    0.19637E-01    0.10708E+05
    0.20034E-01    0.10681E+05
    0.20438E-01    0.10649E+05
    0.20851E-01    0.10613E+05
    0.21272E-01    0.10572E+05
    0.21702E-01    0.10526E+05
    0.22141E-01    0.10476E+05
    0.22588E-01    0.10421E+05
    0.23044E-01    0.10362E+05
    0.23510E-01    0.10298E+05
    0.23985E-01    0.10230E+05
    0.24469E-01    0.10157E+05
    0.24964E-01    0.10081E+05
    0.25468E-01    0.99995E+04
    0.25982E-01    0.99145E+04
    0.26507E-01    0.98255E+04
    0.27043E-01    0.97328E+04
    0.27589E-01    0.96365E+04
    0.28146E-01    0.95369E+04
    0.28715E-01    0.94340E+04
    0.29295E-01    0.93283E+04
    0.29887E-01    0.92197E+04
    0.30490E-01    0.91087E+04
    0.31106E-01    0.89955E+04
    0.31735E-01    0.88804E+04
    0.32376E-01    0.87636E+04
    0.33030E-01    0.86455E+04
    0.33697E-01    0.85263E+04
    0.34378E-01    0.84063E+04
    0.35072E-01    0.82859E+04
    0.35781E-01    0.81654E+04
    0.36504E-01    0.80451E+04
    0.37241E-01    0.79253E+04
    0.37993E-01    0.78062E+04
    0.38761E-01    0.76882E+04
    0.39544E-01    0.75715E+04
    0.40343E-01    0.74565E+04
    0.41158E-01    0.73434E+04
    0.41989E-01    0.72323E+04
    0.42838E-01    0.71234E+04
    0.43703E-01    0.70169E+04
    0.44586E-01    0.69129E+04
    0.45486E-01    0.68115E+04
    0.46405E-01    0.67128E+04
    0.47343E-01    0.66167E+04
    0.48299E-01    0.65231E+04
    0.49275E-01    0.64320E+04
    0.50270E-01    0.63433E+04
    0.51286E-01    0.62568E+04
    0.52322E-01    0.61721E+04
    0.53379E-01    0.60891E+04
    0.54457E-01    0.60072E+04
    0.55557E-01    0.59263E+04
    0.56680E-01    0.58459E+04
    0.57825E-01    0.57656E+04
    0.58993E-01    0.56848E+04
    0.60184E-01    0.56030E+04
    0.61400E-01    0.55198E+04
    0.62641E-01    0.54348E+04
    0.63906E-01    0.53474E+04
    0.65197E-01    0.52573E+04
    0.66514E-01    0.51641E+04
    0.67858E-01    0.50676E+04
    0.69229E-01    0.49675E+04
    0.70627E-01    0.48638E+04
    0.72054E-01    0.47566E+04
    0.73510E-01    0.46460E+04
    0.74994E-01    0.45322E+04
    0.76509E-01    0.44157E+04
    0.78055E-01    0.42972E+04
    0.79632E-01    0.41772E+04
    0.81241E-01    0.40564E+04
    0.82882E-01    0.39359E+04
    0.84556E-01    0.38165E+04
    0.86264E-01    0.36991E+04
    0.88007E-01    0.35846E+04
    0.89785E-01    0.34738E+04
    0.91598E-01    0.33677E+04
    0.93449E-01    0.32668E+04
    0.95337E-01    0.31716E+04
    0.97263E-01    0.30826E+04
    0.99227E-01    0.29998E+04
    0.10123E+00    0.29231E+04
    0.10328E+00    0.28523E+04
    0.10536E+00    0.27869E+04
    0.10749E+00    0.27261E+04
    0.10966E+00    0.26690E+04
    0.11188E+00    0.26145E+04
    0.11414E+00    0.25616E+04
    0.11644E+00    0.25089E+04
    0.11880E+00    0.24553E+04
    0.12120E+00    0.23998E+04
    0.12365E+00    0.23415E+04
    0.12614E+00    0.22800E+04
    0.12869E+00    0.22151E+04
    0.13129E+00    0.21468E+04
    0.13394E+00    0.20756E+04
    0.13665E+00    0.20025E+04
    0.13941E+00    0.19286E+04
    0.14223E+00    0.18553E+04
    0.14510E+00    0.17839E+04
    0.14803E+00    0.17156E+04
    0.15102E+00    0.16516E+04
    0.15407E+00    0.15927E+04
    0.15718E+00    0.15393E+04
    0.16036E+00    0.14913E+04
    0.16360E+00    0.14483E+04
    0.16690E+00    0.14093E+04
    0.17028E+00    0.13733E+04
    0.17371E+00    0.13389E+04
    0.17722E+00    0.13047E+04
    0.18080E+00    0.12694E+04
    0.18446E+00    0.12322E+04
    0.18818E+00    0.11927E+04
    0.19198E+00    0.11508E+04
    0.19586E+00    0.11073E+04
    0.19982E+00    0.10631E+04
    0.20386E+00    0.10196E+04
    0.20797E+00    0.97782E+03
    0.21218E+00    0.93894E+03
    0.21646E+00    0.90361E+03
    0.22083E+00    0.87194E+03
    0.22530E+00    0.84355E+03
    0.22985E+00    0.81765E+03
    0.23449E+00    0.79318E+03
    0.23923E+00    0.76901E+03
    0.24406E+00    0.74424E+03
    0.24899E+00    0.71839E+03
    0.25402E+00    0.69143E+03
    0.25915E+00    0.66385E+03
    0.26439E+00    0.63647E+03
    0.26973E+00    0.61017E+03
    0.27518E+00    0.58566E+03
    0.28074E+00    0.56330E+03
    0.28641E+00    0.54297E+03
    0.29219E+00    0.52421E+03
    0.29810E+00    0.50630E+03
    0.30412E+00    0.48855E+03
    0.31026E+00    0.47054E+03
    0.31653E+00    0.45219E+03
    0.32292E+00    0.43381E+03
    0.32945E+00    0.41588E+03
    0.33610E+00    0.39889E+03
    0.34289E+00    0.38310E+03
    0.34982E+00    0.36847E+03
    0.35689E+00    0.35470E+03
    0.36409E+00    0.34139E+03
    0.37145E+00    0.32822E+03
    0.37895E+00    0.31510E+03
    0.38661E+00    0.30216E+03
    0.39442E+00    0.28966E+03
    0.40239E+00    0.27781E+03
    0.41052E+00    0.26666E+03
    0.41881E+00    0.25612E+03
    0.42727E+00    0.24597E+03
    0.43590E+00    0.23605E+03
    0.44471E+00    0.22634E+03
    0.45369E+00    0.21691E+03
    0.46286E+00    0.20788E+03
    0.47221E+00    0.19930E+03
    0.48174E+00    0.19113E+03
    0.49148E+00    0.18327E+03
    0.50141E+00    0.17566E+03
    0.51153E+00    0.16828E+03
    0.52187E+00    0.16118E+03
    0.53241E+00    0.15439E+03
    0.54317E+00    0.14789E+03
    0.55414E+00    0.14167E+03
    0.56533E+00    0.13566E+03
    0.57675E+00    0.12988E+03
    0.58840E+00    0.12432E+03
    0.60029E+00    0.11900E+03
    0.61242E+00    0.11391E+03
    0.62479E+00    0.10901E+03
    0.63741E+00    0.10431E+03
    0.65029E+00    0.99791E+02
    0.66342E+00    0.95462E+02
    0.67683E+00    0.91315E+02
    0.69050E+00    0.87336E+02
    0.70445E+00    0.83518E+02
    0.71868E+00    0.79858E+02
    0.73320E+00    0.76351E+02
    0.74801E+00    0.72990E+02
    0.76312E+00    0.69768E+02
    0.77854E+00    0.66681E+02
    0.79426E+00    0.63723E+02
    0.81031E+00    0.60891E+02
    0.82668E+00    0.58178E+02
    0.84338E+00    0.55580E+02
    0.86041E+00    0.53093E+02
    0.87780E+00    0.50712E+02
    0.89553E+00    0.48432E+02
    0.91362E+00    0.46250E+02
    0.93208E+00    0.44162E+02
    0.95091E+00    0.42164E+02
    0.97011E+00    0.40253E+02
    0.98971E+00    0.38424E+02
    0.10097E+01    0.36674E+02
    0.10301E+01    0.35001E+02
    0.10509E+01    0.33401E+02
    0.10721E+01    0.31872E+02
    0.10938E+01    0.30409E+02
    0.11159E+01    0.29011E+02
    0.11384E+01    0.27675E+02
    0.11614E+01    0.26398E+02
    0.11849E+01    0.25177E+02
    0.12088E+01    0.24011E+02
    0.12333E+01    0.22897E+02
    0.12582E+01    0.21832E+02
    0.12836E+01    0.20815E+02
    0.13095E+01    0.19844E+02
    0.13360E+01    0.18917E+02
    0.13630E+01    0.18031E+02
    0.13905E+01    0.17186E+02
    0.14186E+01    0.16378E+02
    0.14472E+01    0.15608E+02
    0.14765E+01    0.14872E+02
    0.15063E+01    0.14170E+02
    0.15367E+01    0.13500E+02
    0.15678E+01    0.12861E+02
    0.15994E+01    0.12251E+02
    0.16318E+01    0.11669E+02
    0.16647E+01    0.11114E+02
    0.16984E+01    0.10584E+02
    0.17327E+01    0.10079E+02
    0.17677E+01    0.95971E+01
    0.18034E+01    0.91377E+01
    0.18398E+01    0.86997E+01
    0.18770E+01    0.82820E+01
    0.19149E+01    0.78839E+01
    0.19536E+01    0.75044E+01
    0.19930E+01    0.71426E+01
    0.20333E+01    0.67978E+01
    0.20744E+01    0.64691E+01
    0.21163E+01    0.61560E+01
    0.21590E+01    0.58576E+01
    0.22026E+01    0.55733E+01
    0.22471E+01    0.53024E+01
    0.22925E+01    0.50444E+01
    0.23388E+01    0.47986E+01
    0.23861E+01    0.45645E+01
    0.24343E+01    0.43415E+01
    0.24835E+01    0.41291E+01
    0.25336E+01    0.39269E+01
    0.25848E+01    0.37344E+01
    0.26370E+01    0.35511E+01
    0.26903E+01    0.33765E+01
    0.27447E+01    0.32104E+01
    0.28001E+01    0.30522E+01
    0.28567E+01    0.29017E+01
    0.29144E+01    0.27584E+01
    0.29733E+01    0.26220E+01
    0.30333E+01    0.24922E+01
    0.30946E+01    0.23688E+01
    0.31571E+01    0.22513E+01
    0.32209E+01    0.21395E+01
    0.32860E+01    0.20331E+01
    0.33523E+01    0.19319E+01
    0.34201E+01    0.18357E+01
    0.34892E+01    0.17441E+01
    0.35596E+01    0.16571E+01
    0.36316E+01    0.15743E+01
    0.37049E+01    0.14955E+01
    0.37798E+01    0.14206E+01
    0.38561E+01    0.13494E+01
    0.39340E+01    0.12817E+01
    0.40135E+01    0.12173E+01
    0.40946E+01    0.11561E+01
    0.41773E+01    0.10979E+01
    0.42617E+01    0.10426E+01
    0.43478E+01    0.99007E+00
    0.44356E+01    0.94010E+00
    0.45252E+01    0.89261E+00
    0.46166E+01    0.84748E+00
    0.47099E+01    0.80459E+00
    0.48050E+01    0.76383E+00
    0.49021E+01    0.72511E+00
    0.50011E+01    0.68831E+00
    0.51021E+01    0.65335E+00
    0.52052E+01    0.62014E+00
    0.53104E+01    0.58859E+00
    0.54176E+01    0.55862E+00
    0.55271E+01    0.53015E+00
    0.56387E+01    0.50310E+00
    0.57526E+01    0.47742E+00
    0.58689E+01    0.45303E+00
    0.59874E+01    0.42986E+00
    0.61084E+01    0.40786E+00
    0.62318E+01    0.38697E+00
    0.63577E+01    0.36713E+00
    0.64861E+01    0.34830E+00
    0.66171E+01    0.33042E+00
    0.67508E+01    0.31344E+00
    0.68872E+01    0.29732E+00
    0.70263E+01    0.28202E+00
    0.71682E+01    0.26750E+00
    0.73130E+01    0.25371E+00
    0.74608E+01    0.24062E+00
    0.76115E+01    0.22820E+00
    0.77653E+01    0.21642E+00
    0.79221E+01    0.20523E+00
    0.80822E+01    0.19461E+00
    0.82454E+01    0.18454E+00
    0.84120E+01    0.17498E+00
    0.85819E+01    0.16591E+00
    0.87553E+01    0.15730E+00
    0.89322E+01    0.14913E+00
    0.91126E+01    0.14139E+00
    0.92967E+01    0.13404E+00
    0.94845E+01    0.12706E+00
    0.96761E+01    0.12045E+00
    0.98716E+01    0.11418E+00
    0.10071E+02    0.10822E+00
    0.10274E+02    0.10258E+00
    0.10482E+02    0.97226E-01
    0.10694E+02    0.92148E-01
    0.10910E+02    0.87333E-01
    0.11130E+02    0.82766E-01
    0.11355E+02    0.78435E-01
    0.11584E+02    0.74328E-01
    0.11818E+02    0.70434E-01
    0.12057E+02    0.66741E-01
    0.12301E+02    0.63240E-01
    0.12549E+02    0.59921E-01
    0.12803E+02    0.56774E-01
    0.13061E+02    0.53790E-01
    0.13325E+02    0.50962E-01
    0.13594E+02    0.48281E-01
    0.13869E+02    0.45739E-01
    0.14149E+02    0.43329E-01
    0.14435E+02    0.41046E-01
    0.14727E+02    0.38881E-01
    0.15024E+02    0.36829E-01
    0.15328E+02    0.34885E-01
    0.15637E+02    0.33042E-01
    0.15953E+02    0.31296E-01
    0.16275E+02    0.29641E-01
    0.16604E+02    0.28072E-01
    0.16940E+02    0.26586E-01
    0.17282E+02    0.25178E-01
    0.17631E+02    0.23843E-01
    0.17987E+02    0.22579E-01
    0.18351E+02    0.21381E-01
    0.18721E+02    0.20246E-01
    0.19099E+02    0.19170E-01
    0.19485E+02    0.18152E-01
    0.19879E+02    0.17187E-01
