    0.10000E-03    0.27429E+04
    0.10202E-03    0.27904E+04
    0.10408E-03    0.28388E+04
    0.10618E-03    0.28879E+04
    0.10833E-03    0.29378E+04
    0.11052E-03    0.29886E+04
    0.11275E-03    0.30402E+04
    0.11503E-03    0.30927E+04
    0.11735E-03    0.31461E+04
    0.11972E-03    0.32003E+04
    0.12214E-03    0.32555E+04
    0.12461E-03    0.33116E+04
    0.12712E-03    0.33686E+04
    0.12969E-03    0.34265E+04
    0.13231E-03    0.34854E+04
    0.13499E-03    0.35452E+04
    0.13771E-03    0.36061E+04
    0.14049E-03    0.36679E+04
    0.14333E-03    0.37307E+04
    0.14623E-03    0.37946E+04
    0.14918E-03    0.38594E+04
    0.15220E-03    0.39253E+04
    0.15527E-03    0.39923E+04
    0.15841E-03    0.40604E+04
    0.16161E-03    0.41295E+04
    0.16487E-03    0.41997E+04
    0.16820E-03    0.42711E+04
    0.17160E-03    0.43435E+04
    0.17507E-03    0.44171E+04
    0.17860E-03    0.44918E+04
    0.18221E-03    0.45677E+04
    0.18589E-03    0.46448E+04
    0.18965E-03    0.47230E+04
    0.19348E-03    0.48025E+04
    0.19739E-03    0.48831E+04
    0.20138E-03    0.49650E+04
    0.20544E-03    0.50480E+04
    0.20959E-03    0.51324E+04
    0.21383E-03    0.52179E+04
    0.21815E-03    0.53048E+04
    0.22255E-03    0.53928E+04
    0.22705E-03    0.54822E+04
    0.23164E-03    0.55729E+04
    0.23632E-03    0.56648E+04
    0.24109E-03    0.57580E+04
    0.24596E-03    0.58526E+04
    0.25093E-03    0.59484E+04
    0.25600E-03    0.60456E+04
    0.26117E-03    0.61441E+04
    0.26645E-03    0.62439E+04
    0.27183E-03    0.63450E+04
    0.27732E-03    0.64474E+04
    0.28292E-03    0.65512E+04
    0.28864E-03    0.66563E+04
    0.29447E-03    0.67628E+04
    0.30042E-03    0.68705E+04
    0.30649E-03    0.69796E+04
    0.31268E-03    0.70900E+04
    0.31899E-03    0.72018E+04
    0.32544E-03    0.73148E+04
    0.33201E-03    0.74291E+04
    0.33872E-03    0.75448E+04
    0.34556E-03    0.76617E+04
    0.35254E-03    0.77799E+04
    0.35966E-03    0.78993E+04
    0.36693E-03    0.80200E+04
    0.37434E-03    0.81420E+04
    0.38190E-03    0.82651E+04
    0.38962E-03    0.83895E+04
    0.39749E-03    0.85150E+04
    0.40552E-03    0.86417E+04
    0.41371E-03    0.87696E+04
    0.42207E-03    0.88986E+04
    0.43060E-03    0.90287E+04
    0.43929E-03    0.91598E+04
    0.44817E-03    0.92920E+04
    0.45722E-03    0.94253E+04
    0.46646E-03    0.95595E+04
    0.47588E-03    0.96947E+04
    0.48550E-03    0.98309E+04
    0.49530E-03    0.99680E+04
    0.50531E-03    0.10106E+05
    0.51552E-03    0.10245E+05
    0.52593E-03    0.10384E+05
    0.53656E-03    0.10525E+05
    0.54739E-03    0.10666E+05
    0.55845E-03    0.10808E+05
    0.56973E-03    0.10951E+05
    0.58124E-03    0.11094E+05
    0.59299E-03    0.11238E+05
    0.60496E-03    0.11383E+05
    0.61719E-03    0.11528E+05
    0.62965E-03    0.11674E+05
    0.64237E-03    0.11821E+05
    0.65535E-03    0.11968E+05
    0.66859E-03    0.12115E+05
    0.68210E-03    0.12263E+05
    0.69588E-03    0.12412E+05
    0.70993E-03    0.12561E+05
    0.72427E-03    0.12710E+05
    0.73891E-03    0.12860E+05
    0.75383E-03    0.13011E+05
    0.76906E-03    0.13162E+05
    0.78460E-03    0.13313E+05
    0.80045E-03    0.13465E+05
    0.81662E-03    0.13618E+05
    0.83311E-03    0.13771E+05
    0.84994E-03    0.13924E+05
    0.86711E-03    0.14079E+05
    0.88463E-03    0.14233E+05
    0.90250E-03    0.14389E+05
    0.92073E-03    0.14545E+05
    0.93933E-03    0.14701E+05
    0.95831E-03    0.14859E+05
    0.97767E-03    0.15017E+05
    0.99742E-03    0.15175E+05
    0.10176E-02    0.15335E+05
    0.10381E-02    0.15495E+05
    0.10591E-02    0.15657E+05
    0.10805E-02    0.15819E+05
    0.11023E-02    0.15982E+05
    0.11246E-02    0.16146E+05
    0.11473E-02    0.16310E+05
    0.11705E-02    0.16476E+05
    0.11941E-02    0.16643E+05
    0.12182E-02    0.16811E+05
    0.12429E-02    0.16980E+05
    0.12680E-02    0.17150E+05
    0.12936E-02    0.17321E+05
    0.13197E-02    0.17493E+05
    0.13464E-02    0.17666E+05
    0.13736E-02    0.17840E+05
    0.14013E-02    0.18015E+05
    0.14296E-02    0.18192E+05
    0.14585E-02    0.18369E+05
    0.14880E-02    0.18548E+05
    0.15180E-02    0.18728E+05
    0.15487E-02    0.18909E+05
    0.15800E-02    0.19091E+05
    0.16119E-02    0.19274E+05
    0.16445E-02    0.19458E+05
    0.16777E-02    0.19644E+05
    0.17116E-02    0.19830E+05
    0.17462E-02    0.20018E+05
    0.17814E-02    0.20206E+05
    0.18174E-02    0.20396E+05
    0.18541E-02    0.20587E+05
    0.18916E-02    0.20779E+05
    0.19298E-02    0.20972E+05
    0.19688E-02    0.21166E+05
    0.20086E-02    0.21361E+05
    0.20491E-02    0.21557E+05
    0.20905E-02    0.21754E+05
    0.21328E-02    0.21951E+05
    0.21758E-02    0.22150E+05
    0.22198E-02    0.22349E+05
    0.22646E-02    0.22550E+05
    0.23104E-02    0.22751E+05
    0.23571E-02    0.22953E+05
    0.24047E-02    0.23156E+05
    0.24533E-02    0.23359E+05
    0.25028E-02    0.23562E+05
    0.25534E-02    0.23766E+05
    0.26050E-02    0.23971E+05
    0.26576E-02    0.24176E+05
    0.27113E-02    0.24382E+05
    0.27660E-02    0.24587E+05
    0.28219E-02    0.24794E+05
    0.28789E-02    0.25000E+05
    0.29371E-02    0.25206E+05
    0.29964E-02    0.25412E+05
    0.30569E-02    0.25619E+05
    0.31187E-02    0.25825E+05
    0.31817E-02    0.26031E+05
    0.32460E-02    0.26237E+05
    0.33115E-02    0.26443E+05
    0.33784E-02    0.26649E+05
    0.34467E-02    0.26854E+05
    0.35163E-02    0.27058E+05
    0.35874E-02    0.27262E+05
    0.36598E-02    0.27465E+05
    0.37338E-02    0.27668E+05
    0.38092E-02    0.27870E+05
    0.38861E-02    0.28070E+05
    0.39646E-02    0.28270E+05
    0.40447E-02    0.28469E+05
    0.41264E-02    0.28666E+05
    0.42098E-02    0.28862E+05
    0.42948E-02    0.29057E+05
    0.43816E-02    0.29250E+05
    0.44701E-02    0.29442E+05
    0.45604E-02    0.29631E+05
    0.46525E-02    0.29820E+05
    0.47465E-02    0.30006E+05
    0.48424E-02    0.30190E+05
    0.49402E-02    0.30372E+05
    0.50400E-02    0.30551E+05
    0.51419E-02    0.30729E+05
    0.52457E-02    0.30904E+05
    0.53517E-02    0.31076E+05
    0.54598E-02    0.31245E+05
    0.55701E-02    0.31412E+05
    0.56826E-02    0.31575E+05
    0.57974E-02    0.31736E+05
    0.59145E-02    0.31893E+05
    0.60340E-02    0.32046E+05
    0.61559E-02    0.32196E+05
    0.62803E-02    0.32343E+05
    0.64072E-02    0.32485E+05
    0.65366E-02    0.32623E+05
    0.66686E-02    0.32758E+05
    0.68033E-02    0.32888E+05
    0.69408E-02    0.33013E+05
    0.70810E-02    0.33134E+05
    0.72240E-02    0.33250E+05
    0.73700E-02    0.33361E+05
    0.75189E-02    0.33466E+05
    0.76708E-02    0.33567E+05
    0.78257E-02    0.33662E+05
    0.79838E-02    0.33751E+05
    0.81451E-02    0.33834E+05
    0.83096E-02    0.33911E+05
    0.84775E-02    0.33982E+05
    0.86488E-02    0.34047E+05
    0.88235E-02    0.34105E+05
    0.90017E-02    0.34156E+05
    0.91836E-02    0.34200E+05
    0.93691E-02    0.34237E+05
    0.95583E-02    0.34266E+05
    0.97514E-02    0.34288E+05
    0.99484E-02    0.34303E+05
    0.10149E-01    0.34309E+05
    0.10354E-01    0.34307E+05
    0.10564E-01    0.34297E+05
    0.10777E-01    0.34278E+05
    0.10995E-01    0.34250E+05
    0.11217E-01    0.34213E+05
    0.11443E-01    0.34167E+05
    0.11675E-01    0.34112E+05
    0.11910E-01    0.34047E+05
    0.12151E-01    0.33972E+05
    0.12397E-01    0.33887E+05
    0.12647E-01    0.33792E+05
    0.12902E-01    0.33687E+05
    0.13163E-01    0.33571E+05
    0.13429E-01    0.33445E+05
    0.13700E-01    0.33308E+05
    0.13977E-01    0.33160E+05
    0.14259E-01    0.33001E+05
    0.14547E-01    0.32831E+05
    0.14841E-01    0.32649E+05
    0.15141E-01    0.32456E+05
    0.15447E-01    0.32252E+05
    0.15759E-01    0.32036E+05
    0.16077E-01    0.31808E+05
    0.16402E-01    0.31569E+05
    0.16734E-01    0.31318E+05
    0.17072E-01    0.31055E+05
    0.17416E-01    0.30781E+05
    0.17768E-01    0.30496E+05
    0.18127E-01    0.30199E+05
    0.18493E-01    0.29891E+05
    0.18867E-01    0.29571E+05
    0.19248E-01    0.29241E+05
    0.19637E-01    0.28900E+05
    0.20034E-01    0.28548E+05
    0.20438E-01    0.28187E+05
    0.20851E-01    0.27815E+05
    0.21272E-01    0.27434E+05
    0.21702E-01    0.27044E+05
    0.22141E-01    0.26645E+05
    0.22588E-01    0.26238E+05
    0.23044E-01    0.25824E+05
    0.23510E-01    0.25402E+05
    0.23985E-01    0.24974E+05
    0.24469E-01    0.24540E+05
    0.24964E-01    0.24101E+05
    0.25468E-01    0.23658E+05
    0.25982E-01    0.23211E+05
    0.26507E-01    0.22762E+05
    0.27043E-01    0.22310E+05
    0.27589E-01    0.21858E+05
    0.28146E-01    0.21405E+05
    0.28715E-01    0.20953E+05
    0.29295E-01    0.20502E+05
    0.29887E-01    0.20054E+05
    0.30490E-01    0.19610E+05
    0.31106E-01    0.19169E+05
    0.31735E-01    0.18735E+05
    0.32376E-01    0.18306E+05
    0.33030E-01    0.17884E+05
    0.33697E-01    0.17470E+05
    0.34378E-01    0.17065E+05
    0.35072E-01    0.16670E+05
    0.35781E-01    0.16284E+05
    0.36504E-01    0.15910E+05
    0.37241E-01    0.15547E+05
    0.37993E-01    0.15196E+05
    0.38761E-01    0.14857E+05
    0.39544E-01    0.14531E+05
    0.40343E-01    0.14218E+05
    0.41158E-01    0.13918E+05
    0.41989E-01    0.13631E+05
    0.42838E-01    0.13357E+05
    0.43703E-01    0.13095E+05
    0.44586E-01    0.12846E+05
    0.45486E-01    0.12609E+05
    0.46405E-01    0.12382E+05
    0.47343E-01    0.12166E+05
    0.48299E-01    0.11960E+05
    0.49275E-01    0.11762E+05
    0.50270E-01    0.11571E+05
    0.51286E-01    0.11386E+05
    0.52322E-01    0.11205E+05
    0.53379E-01    0.11028E+05
    0.54457E-01    0.10852E+05
    0.55557E-01    0.10675E+05
    0.56680E-01    0.10497E+05
    0.57825E-01    0.10316E+05
    0.58993E-01    0.10129E+05
    0.60184E-01    0.99368E+04
    0.61400E-01    0.97368E+04
    0.62641E-01    0.95284E+04
    0.63906E-01    0.93108E+04
    0.65197E-01    0.90835E+04
    0.66514E-01    0.88466E+04
    0.67858E-01    0.86004E+04
    0.69229E-01    0.83453E+04
    0.70627E-01    0.80826E+04
    0.72054E-01    0.78138E+04
    0.73510E-01    0.75405E+04
    0.74994E-01    0.72650E+04
    0.76509E-01    0.69896E+04
    0.78055E-01    0.67170E+04
    0.79632E-01    0.64495E+04
    0.81241E-01    0.61898E+04
    0.82882E-01    0.59404E+04
    0.84556E-01    0.57034E+04
    0.86264E-01    0.54808E+04
    0.88007E-01    0.52741E+04
    0.89785E-01    0.50844E+04
    0.91598E-01    0.49121E+04
    0.93449E-01    0.47575E+04
    0.95337E-01    0.46198E+04
    0.97263E-01    0.44978E+04
    0.99227E-01    0.43899E+04
    0.10123E+00    0.42939E+04
    0.10328E+00    0.42070E+04
    0.10536E+00    0.41262E+04
    0.10749E+00    0.40483E+04
    0.10966E+00    0.39699E+04
    0.11188E+00    0.38878E+04
    0.11414E+00    0.37995E+04
    0.11644E+00    0.37027E+04
    0.11880E+00    0.35960E+04
    0.12120E+00    0.34792E+04
    0.12365E+00    0.33529E+04
    0.12614E+00    0.32189E+04
    0.12869E+00    0.30796E+04
    0.13129E+00    0.29384E+04
    0.13394E+00    0.27988E+04
    0.13665E+00    0.26645E+04
    0.13941E+00    0.25385E+04
    0.14223E+00    0.24237E+04
    0.14510E+00    0.23216E+04
    0.14803E+00    0.22331E+04
    0.15102E+00    0.21577E+04
    0.15407E+00    0.20939E+04
    0.15718E+00    0.20395E+04
    0.16036E+00    0.19913E+04
    0.16360E+00    0.19459E+04
    0.16690E+00    0.18997E+04
    0.17028E+00    0.18497E+04
    0.17371E+00    0.17938E+04
    0.17722E+00    0.17311E+04
    0.18080E+00    0.16620E+04
    0.18446E+00    0.15884E+04
    0.18818E+00    0.15128E+04
    0.19198E+00    0.14385E+04
    0.19586E+00    0.13685E+04
    0.19982E+00    0.13051E+04
    0.20386E+00    0.12503E+04
    0.20797E+00    0.12033E+04
    0.21218E+00    0.11634E+04
    0.21646E+00    0.11286E+04
    0.22083E+00    0.10962E+04
    0.22530E+00    0.10637E+04
    0.22985E+00    0.10289E+04
    0.23449E+00    0.99085E+03
    0.23923E+00    0.94961E+03
    0.24406E+00    0.90652E+03
    0.24899E+00    0.86357E+03
    0.25402E+00    0.82285E+03
    0.25915E+00    0.78596E+03
    0.26439E+00    0.75357E+03
    0.26973E+00    0.72534E+03
    0.27518E+00    0.70006E+03
    0.28074E+00    0.67609E+03
    0.28641E+00    0.65190E+03
    0.29219E+00    0.62656E+03
    0.29810E+00    0.60005E+03
    0.30412E+00    0.57310E+03
    0.31026E+00    0.54689E+03
    0.31653E+00    0.52246E+03
    0.32292E+00    0.50037E+03
    0.32945E+00    0.48045E+03
    0.33610E+00    0.46199E+03
    0.34289E+00    0.44412E+03
    0.34982E+00    0.42616E+03
    0.35689E+00    0.40798E+03
    0.36409E+00    0.38990E+03
    0.37145E+00    0.37250E+03
    0.37895E+00    0.35626E+03
    0.38661E+00    0.34125E+03
    0.39442E+00    0.32721E+03
    0.40239E+00    0.31371E+03
    0.41052E+00    0.30044E+03
    0.41881E+00    0.28734E+03
    0.42727E+00    0.27462E+03
    0.43590E+00    0.26252E+03
    0.44471E+00    0.25114E+03
    0.45369E+00    0.24039E+03
    0.46286E+00    0.23007E+03
    0.47221E+00    0.22005E+03
    0.48174E+00    0.21033E+03
    0.49148E+00    0.20099E+03
    0.50141E+00    0.19211E+03
    0.51153E+00    0.18367E+03
    0.52187E+00    0.17560E+03
    0.53241E+00    0.16782E+03
    0.54317E+00    0.16033E+03
    0.55414E+00    0.15315E+03
    0.56533E+00    0.14631E+03
    0.57675E+00    0.13978E+03
    0.58840E+00    0.13351E+03
    0.60029E+00    0.12750E+03
    0.61242E+00    0.12175E+03
    0.62479E+00    0.11625E+03
    0.63741E+00    0.11099E+03
    0.65029E+00    0.10596E+03
    0.66342E+00    0.10114E+03
    0.67683E+00    0.96532E+02
    0.69050E+00    0.92126E+02
    0.70445E+00    0.87914E+02
    0.71868E+00    0.83884E+02
    0.73320E+00    0.80031E+02
    0.74801E+00    0.76349E+02
    0.76312E+00    0.72829E+02
    0.77854E+00    0.69465E+02
    0.79426E+00    0.66250E+02
    0.81031E+00    0.63178E+02
    0.82668E+00    0.60244E+02
    0.84338E+00    0.57441E+02
    0.86041E+00    0.54763E+02
    0.87780E+00    0.52206E+02
    0.89553E+00    0.49764E+02
    0.91362E+00    0.47431E+02
    0.93208E+00    0.45204E+02
    0.95091E+00    0.43078E+02
    0.97011E+00    0.41049E+02
    0.98971E+00    0.39112E+02
    0.10097E+01    0.37263E+02
    0.10301E+01    0.35499E+02
    0.10509E+01    0.33816E+02
    0.10721E+01    0.32210E+02
    0.10938E+01    0.30677E+02
    0.11159E+01    0.29216E+02
    0.11384E+01    0.27822E+02
    0.11614E+01    0.26492E+02
    0.11849E+01    0.25224E+02
    0.12088E+01    0.24015E+02
    0.12333E+01    0.22862E+02
    0.12582E+01    0.21763E+02
    0.12836E+01    0.20715E+02
    0.13095E+01    0.19716E+02
    0.13360E+01    0.18764E+02
    0.13630E+01    0.17856E+02
    0.13905E+01    0.16992E+02
    0.14186E+01    0.16168E+02
    0.14472E+01    0.15383E+02
    0.14765E+01    0.14635E+02
    0.15063E+01    0.13922E+02
    0.15367E+01    0.13244E+02
    0.15678E+01    0.12597E+02
    0.15994E+01    0.11981E+02
    0.16318E+01    0.11395E+02
    0.16647E+01    0.10837E+02
    0.16984E+01    0.10305E+02
    0.17327E+01    0.97986E+01
    0.17677E+01    0.93166E+01
    0.18034E+01    0.88577E+01
    0.18398E+01    0.84210E+01
    0.18770E+01    0.80052E+01
    0.19149E+01    0.76096E+01
    0.19536E+01    0.72330E+01
    0.19930E+01    0.68747E+01
    0.20333E+01    0.65336E+01
    0.20744E+01    0.62092E+01
    0.21163E+01    0.59005E+01
    0.21590E+01    0.56069E+01
    0.22026E+01    0.53275E+01
    0.22471E+01    0.50618E+01
    0.22925E+01    0.48090E+01
    0.23388E+01    0.45687E+01
    0.23861E+01    0.43400E+01
    0.24343E+01    0.41227E+01
    0.24835E+01    0.39159E+01
    0.25336E+01    0.37193E+01
    0.25848E+01    0.35324E+01
    0.26370E+01    0.33548E+01
    0.26903E+01    0.31858E+01
    0.27447E+01    0.30253E+01
    0.28001E+01    0.28726E+01
    0.28567E+01    0.27276E+01
    0.29144E+01    0.25897E+01
    0.29733E+01    0.24586E+01
    0.30333E+01    0.23341E+01
    0.30946E+01    0.22158E+01
    0.31571E+01    0.21034E+01
    0.32209E+01    0.19965E+01
    0.32860E+01    0.18950E+01
    0.33523E+01    0.17986E+01
    0.34201E+01    0.17070E+01
    0.34892E+01    0.16200E+01
    0.35596E+01    0.15373E+01
    0.36316E+01    0.14588E+01
    0.37049E+01    0.13843E+01
    0.37798E+01    0.13135E+01
    0.38561E+01    0.12462E+01
    0.39340E+01    0.11824E+01
    0.40135E+01    0.11217E+01
    0.40946E+01    0.10642E+01
    0.41773E+01    0.10095E+01
    0.42617E+01    0.95759E+00
    0.43478E+01    0.90833E+00
    0.44356E+01    0.86155E+00
    0.45252E+01    0.81715E+00
    0.46166E+01    0.77501E+00
    0.47099E+01    0.73500E+00
    0.48050E+01    0.69704E+00
    0.49021E+01    0.66100E+00
    0.50011E+01    0.62680E+00
    0.51021E+01    0.59435E+00
    0.52052E+01    0.56355E+00
    0.53104E+01    0.53433E+00
    0.54176E+01    0.50660E+00
    0.55271E+01    0.48030E+00
    0.56387E+01    0.45534E+00
    0.57526E+01    0.43166E+00
    0.58689E+01    0.40919E+00
    0.59874E+01    0.38788E+00
    0.61084E+01    0.36767E+00
    0.62318E+01    0.34849E+00
    0.63577E+01    0.33031E+00
    0.64861E+01    0.31306E+00
    0.66171E+01    0.29670E+00
    0.67508E+01    0.28118E+00
    0.68872E+01    0.26647E+00
    0.70263E+01    0.25251E+00
    0.71682E+01    0.23928E+00
    0.73130E+01    0.22673E+00
    0.74608E+01    0.21484E+00
    0.76115E+01    0.20356E+00
    0.77653E+01    0.19287E+00
    0.79221E+01    0.18273E+00
    0.80822E+01    0.17311E+00
    0.82454E+01    0.16400E+00
    0.84120E+01    0.15537E+00
    0.85819E+01    0.14718E+00
    0.87553E+01    0.13942E+00
    0.89322E+01    0.13206E+00
    0.91126E+01    0.12509E+00
    0.92967E+01    0.11848E+00
    0.94845E+01    0.11222E+00
    0.96761E+01    0.10628E+00
    0.98716E+01    0.10066E+00
    0.10071E+02    0.95328E-01
    0.10274E+02    0.90278E-01
    0.10482E+02    0.85492E-01
    0.10694E+02    0.80957E-01
    0.10910E+02    0.76661E-01
    0.11130E+02    0.72590E-01
    0.11355E+02    0.68733E-01
    0.11584E+02    0.65079E-01
    0.11818E+02    0.61618E-01
    0.12057E+02    0.58339E-01
    0.12301E+02    0.55232E-01
    0.12549E+02    0.52290E-01
    0.12803E+02    0.49502E-01
    0.13061E+02    0.46862E-01
    0.13325E+02    0.44362E-01
    0.13594E+02    0.41993E-01
    0.13869E+02    0.39750E-01
    0.14149E+02    0.37626E-01
    0.14435E+02    0.35614E-01
    0.14727E+02    0.33709E-01
    0.15024E+02    0.31905E-01
    0.15328E+02    0.30196E-01
    0.15637E+02    0.28578E-01
    0.15953E+02    0.27046E-01
    0.16275E+02    0.25596E-01
    0.16604E+02    0.24222E-01
    0.16940E+02    0.22922E-01
    0.17282E+02    0.21691E-01
    0.17631E+02    0.20525E-01
    0.17987E+02    0.19422E-01
    0.18351E+02    0.18377E-01
    0.18721E+02    0.17388E-01
    0.19099E+02    0.16452E-01
    0.19485E+02    0.15566E-01
    0.19879E+02    0.14727E-01
