    0.10000E-03    0.69777E+03
    0.10202E-03    0.70992E+03
    0.10408E-03    0.72229E+03
    0.10618E-03    0.73488E+03
    0.10833E-03    0.74768E+03
    0.11052E-03    0.76070E+03
    0.11275E-03    0.77396E+03
    0.11503E-03    0.78744E+03
    0.11735E-03    0.80116E+03
    0.11972E-03    0.81511E+03
    0.12214E-03    0.82931E+03
    0.12461E-03    0.84375E+03
    0.12712E-03    0.85844E+03
    0.12969E-03    0.87339E+03
    0.13231E-03    0.88860E+03
    0.13499E-03    0.90407E+03
    0.13771E-03    0.91981E+03
    0.14049E-03    0.93583E+03
    0.14333E-03    0.95212E+03
    0.14623E-03    0.96869E+03
    0.14918E-03    0.98555E+03
    0.15220E-03    0.10027E+04
    0.15527E-03    0.10202E+04
    0.15841E-03    0.10379E+04
    0.16161E-03    0.10560E+04
    0.16487E-03    0.10743E+04
    0.16820E-03    0.10930E+04
    0.17160E-03    0.11120E+04
    0.17507E-03    0.11314E+04
    0.17860E-03    0.11511E+04
    0.18221E-03    0.11711E+04
    0.18589E-03    0.11914E+04
    0.18965E-03    0.12121E+04
    0.19348E-03    0.12332E+04
    0.19739E-03    0.12546E+04
    0.20138E-03    0.12764E+04
    0.20544E-03    0.12986E+04
    0.20959E-03    0.13212E+04
    0.21383E-03    0.13441E+04
    0.21815E-03    0.13675E+04
    0.22255E-03    0.13912E+04
    0.22705E-03    0.14154E+04
    0.23164E-03    0.14399E+04
    0.23632E-03    0.14649E+04
    0.24109E-03    0.14903E+04
    0.24596E-03    0.15162E+04
    0.25093E-03    0.15425E+04
    0.25600E-03    0.15692E+04
    0.26117E-03    0.15964E+04
    0.26645E-03    0.16241E+04
    0.27183E-03    0.16523E+04
    0.27732E-03    0.16809E+04
    0.28292E-03    0.17100E+04
    0.28864E-03    0.17396E+04
    0.29447E-03    0.17697E+04
    0.30042E-03    0.18003E+04
    0.30649E-03    0.18315E+04
    0.31268E-03    0.18632E+04
    0.31899E-03    0.18954E+04
    0.32544E-03    0.19281E+04
    0.33201E-03    0.19614E+04
    0.33872E-03    0.19953E+04
    0.34556E-03    0.20298E+04
    0.35254E-03    0.20648E+04
    0.35966E-03    0.21004E+04
    0.36693E-03    0.21367E+04
    0.37434E-03    0.21735E+04
    0.38190E-03    0.22109E+04
    0.38962E-03    0.22490E+04
    0.39749E-03    0.22877E+04
    0.40552E-03    0.23271E+04
    0.41371E-03    0.23671E+04
    0.42207E-03    0.24078E+04
    0.43060E-03    0.24492E+04
    0.43929E-03    0.24912E+04
    0.44817E-03    0.25340E+04
    0.45722E-03    0.25775E+04
    0.46646E-03    0.26216E+04
    0.47588E-03    0.26666E+04
    0.48550E-03    0.27122E+04
    0.49530E-03    0.27586E+04
    0.50531E-03    0.28058E+04
    0.51552E-03    0.28538E+04
    0.52593E-03    0.29025E+04
    0.53656E-03    0.29520E+04
    0.54739E-03    0.30024E+04
    0.55845E-03    0.30535E+04
    0.56973E-03    0.31055E+04
    0.58124E-03    0.31584E+04
    0.59299E-03    0.32121E+04
    0.60496E-03    0.32667E+04
    0.61719E-03    0.33221E+04
    0.62965E-03    0.33785E+04
    0.64237E-03    0.34357E+04
    0.65535E-03    0.34939E+04
    0.66859E-03    0.35530E+04
    0.68210E-03    0.36131E+04
    0.69588E-03    0.36741E+04
    0.70993E-03    0.37361E+04
    0.72427E-03    0.37991E+04
    0.73891E-03    0.38631E+04
    0.75383E-03    0.39281E+04
    0.76906E-03    0.39941E+04
    0.78460E-03    0.40612E+04
    0.80045E-03    0.41294E+04
    0.81662E-03    0.41986E+04
    0.83311E-03    0.42689E+04
    0.84994E-03    0.43403E+04
    0.86711E-03    0.44129E+04
    0.88463E-03    0.44866E+04
    0.90250E-03    0.45614E+04
    0.92073E-03    0.46374E+04
    0.93933E-03    0.47146E+04
    0.95831E-03    0.47930E+04
    0.97767E-03    0.48726E+04
    0.99742E-03    0.49535E+04
    0.10176E-02    0.50356E+04
    0.10381E-02    0.51190E+04
    0.10591E-02    0.52037E+04
    0.10805E-02    0.52897E+04
    0.11023E-02    0.53770E+04
    0.11246E-02    0.54657E+04
    0.11473E-02    0.55558E+04
    0.11705E-02    0.56472E+04
    0.11941E-02    0.57401E+04
    0.12182E-02    0.58344E+04
    0.12429E-02    0.59301E+04
    0.12680E-02    0.60273E+04
    0.12936E-02    0.61260E+04
    0.13197E-02    0.62262E+04
    0.13464E-02    0.63279E+04
    0.13736E-02    0.64311E+04
    0.14013E-02    0.65360E+04
    0.14296E-02    0.66424E+04
    0.14585E-02    0.67504E+04
    0.14880E-02    0.68600E+04
    0.15180E-02    0.69713E+04
    0.15487E-02    0.70842E+04
    0.15800E-02    0.71989E+04
    0.16119E-02    0.73152E+04
    0.16445E-02    0.74332E+04
    0.16777E-02    0.75530E+04
    0.17116E-02    0.76745E+04
    0.17462E-02    0.77978E+04
    0.17814E-02    0.79229E+04
    0.18174E-02    0.80498E+04
    0.18541E-02    0.81785E+04
    0.18916E-02    0.83090E+04
    0.19298E-02    0.84414E+04
    0.19688E-02    0.85757E+04
    0.20086E-02    0.87118E+04
    0.20491E-02    0.88499E+04
    0.20905E-02    0.89898E+04
    0.21328E-02    0.91317E+04
    0.21758E-02    0.92755E+04
    0.22198E-02    0.94212E+04
    0.22646E-02    0.95689E+04
    0.23104E-02    0.97186E+04
    0.23571E-02    0.98702E+04
    0.24047E-02    0.10024E+05
    0.24533E-02    0.10179E+05
    0.25028E-02    0.10337E+05
    0.25534E-02    0.10497E+05
    0.26050E-02    0.10658E+05
    0.26576E-02    0.10822E+05
    0.27113E-02    0.10988E+05
    0.27660E-02    0.11155E+05
    0.28219E-02    0.11325E+05
    0.28789E-02    0.11497E+05
    0.29371E-02    0.11671E+05
    0.29964E-02    0.11846E+05
    0.30569E-02    0.12024E+05
    0.31187E-02    0.12204E+05
    0.31817E-02    0.12386E+05
    0.32460E-02    0.12569E+05
    0.33115E-02    0.12755E+05
    0.33784E-02    0.12943E+05
    0.34467E-02    0.13133E+05
    0.35163E-02    0.13324E+05
    0.35874E-02    0.13518E+05
    0.36598E-02    0.13713E+05
    0.37338E-02    0.13910E+05
    0.38092E-02    0.14110E+05
    0.38861E-02    0.14311E+05
    0.39646E-02    0.14514E+05
    0.40447E-02    0.14718E+05
    0.41264E-02    0.14925E+05
    0.42098E-02    0.15133E+05
    0.42948E-02    0.15343E+05
    0.43816E-02    0.15554E+05
    0.44701E-02    0.15767E+05
    0.45604E-02    0.15982E+05
    0.46525E-02    0.16198E+05
    0.47465E-02    0.16416E+05
    0.48424E-02    0.16635E+05
    0.49402E-02    0.16855E+05
    0.50400E-02    0.17077E+05
    0.51419E-02    0.17300E+05
    0.52457E-02    0.17525E+05
    0.53517E-02    0.17750E+05
    0.54598E-02    0.17977E+05
    0.55701E-02    0.18204E+05
    0.56826E-02    0.18432E+05
    0.57974E-02    0.18662E+05
    0.59145E-02    0.18892E+05
    0.60340E-02    0.19122E+05
    0.61559E-02    0.19354E+05
    0.62803E-02    0.19585E+05
    0.64072E-02    0.19818E+05
    0.65366E-02    0.20050E+05
    0.66686E-02    0.20283E+05
    0.68033E-02    0.20515E+05
    0.69408E-02    0.20748E+05
    0.70810E-02    0.20981E+05
    0.72240E-02    0.21213E+05
    0.73700E-02    0.21445E+05
    0.75189E-02    0.21676E+05
    0.76708E-02    0.21907E+05
    0.78257E-02    0.22137E+05
    0.79838E-02    0.22366E+05
    0.81451E-02    0.22594E+05
    0.83096E-02    0.22821E+05
    0.84775E-02    0.23046E+05
    0.86488E-02    0.23270E+05
    0.88235E-02    0.23492E+05
    0.90017E-02    0.23712E+05
    0.91836E-02    0.23931E+05
    0.93691E-02    0.24146E+05
    0.95583E-02    0.24360E+05
    0.97514E-02    0.24571E+05
    0.99484E-02    0.24779E+05
    0.10149E-01    0.24984E+05
    0.10354E-01    0.25186E+05
    0.10564E-01    0.25384E+05
    0.10777E-01    0.25579E+05
    0.10995E-01    0.25770E+05
    0.11217E-01    0.25956E+05
    0.11443E-01    0.26139E+05
    0.11675E-01    0.26317E+05
    0.11910E-01    0.26490E+05
    0.12151E-01    0.26658E+05
    0.12397E-01    0.26821E+05
    0.12647E-01    0.26978E+05
    0.12902E-01    0.27129E+05
    0.13163E-01    0.27275E+05
    0.13429E-01    0.27414E+05
    0.13700E-01    0.27547E+05
    0.13977E-01    0.27673E+05
    0.14259E-01    0.27792E+05
    0.14547E-01    0.27903E+05
    0.14841E-01    0.28007E+05
    0.15141E-01    0.28103E+05
    0.15447E-01    0.28191E+05
    0.15759E-01    0.28270E+05
    0.16077E-01    0.28341E+05
    0.16402E-01    0.28403E+05
    0.16734E-01    0.28456E+05
    0.17072E-01    0.28499E+05
    0.17416E-01    0.28533E+05
    0.17768E-01    0.28556E+05
    0.18127E-01    0.28570E+05
    0.18493E-01    0.28573E+05
    0.18867E-01    0.28566E+05
    0.19248E-01    0.28548E+05
    0.19637E-01    0.28519E+05
    0.20034E-01    0.28479E+05
    0.20438E-01    0.28427E+05
    0.20851E-01    0.28365E+05
    0.21272E-01    0.28290E+05
    0.21702E-01    0.28204E+05
    0.22141E-01    0.28107E+05
    0.22588E-01    0.27997E+05
    0.23044E-01    0.27876E+05
    0.23510E-01    0.27743E+05
    0.23985E-01    0.27598E+05
    0.24469E-01    0.27441E+05
    0.24964E-01    0.27273E+05
    0.25468E-01    0.27093E+05
    0.25982E-01    0.26902E+05
    0.26507E-01    0.26700E+05
    0.27043E-01    0.26487E+05
    0.27589E-01    0.26263E+05
    0.28146E-01    0.26029E+05
    0.28715E-01    0.25784E+05
    0.29295E-01    0.25531E+05
    0.29887E-01    0.25268E+05
    0.30490E-01    0.24996E+05
    0.31106E-01    0.24716E+05
    0.31735E-01    0.24428E+05
    0.32376E-01    0.24134E+05
    0.33030E-01    0.23832E+05
    0.33697E-01    0.23525E+05
    0.34378E-01    0.23213E+05
    0.35072E-01    0.22897E+05
    0.35781E-01    0.22576E+05
    0.36504E-01    0.22253E+05
    0.37241E-01    0.21928E+05
    0.37993E-01    0.21601E+05
    0.38761E-01    0.21274E+05
    0.39544E-01    0.20947E+05
    0.40343E-01    0.20621E+05
    0.41158E-01    0.20297E+05
    0.41989E-01    0.19975E+05
    0.42838E-01    0.19656E+05
    0.43703E-01    0.19341E+05
    0.44586E-01    0.19031E+05
    0.45486E-01    0.18726E+05
    0.46405E-01    0.18427E+05
    0.47343E-01    0.18133E+05
    0.48299E-01    0.17846E+05
    0.49275E-01    0.17566E+05
    0.50270E-01    0.17293E+05
    0.51286E-01    0.17026E+05
    0.52322E-01    0.16767E+05
    0.53379E-01    0.16514E+05
    0.54457E-01    0.16267E+05
    0.55557E-01    0.16027E+05
    0.56680E-01    0.15793E+05
    0.57825E-01    0.15564E+05
    0.58993E-01    0.15339E+05
    0.60184E-01    0.15117E+05
    0.61400E-01    0.14898E+05
    0.62641E-01    0.14681E+05
    0.63906E-01    0.14464E+05
    0.65197E-01    0.14246E+05
    0.66514E-01    0.14026E+05
    0.67858E-01    0.13804E+05
    0.69229E-01    0.13577E+05
    0.70627E-01    0.13345E+05
    0.72054E-01    0.13106E+05
    0.73510E-01    0.12861E+05
    0.74994E-01    0.12608E+05
    0.76509E-01    0.12347E+05
    0.78055E-01    0.12078E+05
    0.79632E-01    0.11801E+05
    0.81241E-01    0.11516E+05
    0.82882E-01    0.11225E+05
    0.84556E-01    0.10927E+05
    0.86264E-01    0.10625E+05
    0.88007E-01    0.10321E+05
    0.89785E-01    0.10015E+05
    0.91598E-01    0.97105E+04
    0.93449E-01    0.94093E+04
    0.95337E-01    0.91135E+04
    0.97263E-01    0.88253E+04
    0.99227E-01    0.85468E+04
    0.10123E+00    0.82797E+04
    0.10328E+00    0.80257E+04
    0.10536E+00    0.77859E+04
    0.10749E+00    0.75611E+04
    0.10966E+00    0.73514E+04
    0.11188E+00    0.71568E+04
    0.11414E+00    0.69764E+04
    0.11644E+00    0.68090E+04
    0.11880E+00    0.66528E+04
    0.12120E+00    0.65057E+04
    0.12365E+00    0.63651E+04
    0.12614E+00    0.62285E+04
    0.12869E+00    0.60929E+04
    0.13129E+00    0.59555E+04
    0.13394E+00    0.58140E+04
    0.13665E+00    0.56666E+04
    0.13941E+00    0.55121E+04
    0.14223E+00    0.53502E+04
    0.14510E+00    0.51810E+04
    0.14803E+00    0.50059E+04
    0.15102E+00    0.48267E+04
    0.15407E+00    0.46462E+04
    0.15718E+00    0.44675E+04
    0.16036E+00    0.42937E+04
    0.16360E+00    0.41275E+04
    0.16690E+00    0.39713E+04
    0.17028E+00    0.38271E+04
    0.17371E+00    0.36956E+04
    0.17722E+00    0.35769E+04
    0.18080E+00    0.34696E+04
    0.18446E+00    0.33719E+04
    0.18818E+00    0.32811E+04
    0.19198E+00    0.31943E+04
    0.19586E+00    0.31084E+04
    0.19982E+00    0.30205E+04
    0.20386E+00    0.29288E+04
    0.20797E+00    0.28324E+04
    0.21218E+00    0.27314E+04
    0.21646E+00    0.26272E+04
    0.22083E+00    0.25218E+04
    0.22530E+00    0.24180E+04
    0.22985E+00    0.23186E+04
    0.23449E+00    0.22256E+04
    0.23923E+00    0.21403E+04
    0.24406E+00    0.20633E+04
    0.24899E+00    0.19936E+04
    0.25402E+00    0.19295E+04
    0.25915E+00    0.18689E+04
    0.26439E+00    0.18093E+04
    0.26973E+00    0.17490E+04
    0.27518E+00    0.16867E+04
    0.28074E+00    0.16226E+04
    0.28641E+00    0.15576E+04
    0.29219E+00    0.14932E+04
    0.29810E+00    0.14314E+04
    0.30412E+00    0.13733E+04
    0.31026E+00    0.13199E+04
    0.31653E+00    0.12708E+04
    0.32292E+00    0.12252E+04
    0.32945E+00    0.11816E+04
    0.33610E+00    0.11388E+04
    0.34289E+00    0.10958E+04
    0.34982E+00    0.10525E+04
    0.35689E+00    0.10095E+04
    0.36409E+00    0.96761E+03
    0.37145E+00    0.92774E+03
    0.37895E+00    0.89039E+03
    0.38661E+00    0.85550E+03
    0.39442E+00    0.82252E+03
    0.40239E+00    0.79073E+03
    0.41052E+00    0.75953E+03
    0.41881E+00    0.72873E+03
    0.42727E+00    0.69854E+03
    0.43590E+00    0.66939E+03
    0.44471E+00    0.64164E+03
    0.45369E+00    0.61539E+03
    0.46286E+00    0.59046E+03
    0.47221E+00    0.56650E+03
    0.48174E+00    0.54323E+03
    0.49148E+00    0.52058E+03
    0.50141E+00    0.49865E+03
    0.51153E+00    0.47762E+03
    0.52187E+00    0.45758E+03
    0.53241E+00    0.43844E+03
    0.54317E+00    0.42007E+03
    0.55414E+00    0.40233E+03
    0.56533E+00    0.38520E+03
    0.57675E+00    0.36873E+03
    0.58840E+00    0.35296E+03
    0.60029E+00    0.33786E+03
    0.61242E+00    0.32339E+03
    0.62479E+00    0.30948E+03
    0.63741E+00    0.29609E+03
    0.65029E+00    0.28325E+03
    0.66342E+00    0.27094E+03
    0.67683E+00    0.25916E+03
    0.69050E+00    0.24785E+03
    0.70445E+00    0.23700E+03
    0.71868E+00    0.22659E+03
    0.73320E+00    0.21662E+03
    0.74801E+00    0.20707E+03
    0.76312E+00    0.19792E+03
    0.77854E+00    0.18914E+03
    0.79426E+00    0.18074E+03
    0.81031E+00    0.17269E+03
    0.82668E+00    0.16498E+03
    0.84338E+00    0.15760E+03
    0.86041E+00    0.15053E+03
    0.87780E+00    0.14376E+03
    0.89553E+00    0.13728E+03
    0.91362E+00    0.13108E+03
    0.93208E+00    0.12515E+03
    0.95091E+00    0.11947E+03
    0.97011E+00    0.11404E+03
    0.98971E+00    0.10885E+03
    0.10097E+01    0.10388E+03
    0.10301E+01    0.99131E+02
    0.10509E+01    0.94588E+02
    0.10721E+01    0.90244E+02
    0.10938E+01    0.86091E+02
    0.11159E+01    0.82122E+02
    0.11384E+01    0.78328E+02
    0.11614E+01    0.74702E+02
    0.11849E+01    0.71238E+02
    0.12088E+01    0.67928E+02
    0.12333E+01    0.64766E+02
    0.12582E+01    0.61746E+02
    0.12836E+01    0.58861E+02
    0.13095E+01    0.56106E+02
    0.13360E+01    0.53476E+02
    0.13630E+01    0.50964E+02
    0.13905E+01    0.48566E+02
    0.14186E+01    0.46277E+02
    0.14472E+01    0.44092E+02
    0.14765E+01    0.42007E+02
    0.15063E+01    0.40017E+02
    0.15367E+01    0.38118E+02
    0.15678E+01    0.36307E+02
    0.15994E+01    0.34578E+02
    0.16318E+01    0.32930E+02
    0.16647E+01    0.31357E+02
    0.16984E+01    0.29857E+02
    0.17327E+01    0.28427E+02
    0.17677E+01    0.27063E+02
    0.18034E+01    0.25763E+02
    0.18398E+01    0.24523E+02
    0.18770E+01    0.23342E+02
    0.19149E+01    0.22215E+02
    0.19536E+01    0.21141E+02
    0.19930E+01    0.20118E+02
    0.20333E+01    0.19143E+02
    0.20744E+01    0.18214E+02
    0.21163E+01    0.17329E+02
    0.21590E+01    0.16485E+02
    0.22026E+01    0.15682E+02
    0.22471E+01    0.14917E+02
    0.22925E+01    0.14188E+02
    0.23388E+01    0.13494E+02
    0.23861E+01    0.12833E+02
    0.24343E+01    0.12203E+02
    0.24835E+01    0.11604E+02
    0.25336E+01    0.11033E+02
    0.25848E+01    0.10490E+02
    0.26370E+01    0.99726E+01
    0.26903E+01    0.94803E+01
    0.27447E+01    0.90118E+01
    0.28001E+01    0.85659E+01
    0.28567E+01    0.81415E+01
    0.29144E+01    0.77377E+01
    0.29733E+01    0.73535E+01
    0.30333E+01    0.69880E+01
    0.30946E+01    0.66402E+01
    0.31571E+01    0.63093E+01
    0.32209E+01    0.59946E+01
    0.32860E+01    0.56953E+01
    0.33523E+01    0.54105E+01
    0.34201E+01    0.51398E+01
    0.34892E+01    0.48823E+01
    0.35596E+01    0.46374E+01
    0.36316E+01    0.44046E+01
    0.37049E+01    0.41832E+01
    0.37798E+01    0.39728E+01
    0.38561E+01    0.37727E+01
    0.39340E+01    0.35825E+01
    0.40135E+01    0.34017E+01
    0.40946E+01    0.32299E+01
    0.41773E+01    0.30666E+01
    0.42617E+01    0.29114E+01
    0.43478E+01    0.27639E+01
    0.44356E+01    0.26237E+01
    0.45252E+01    0.24905E+01
    0.46166E+01    0.23640E+01
    0.47099E+01    0.22438E+01
    0.48050E+01    0.21296E+01
    0.49021E+01    0.20211E+01
    0.50011E+01    0.19180E+01
    0.51021E+01    0.18201E+01
    0.52052E+01    0.17272E+01
    0.53104E+01    0.16388E+01
    0.54176E+01    0.15550E+01
    0.55271E+01    0.14753E+01
    0.56387E+01    0.13997E+01
    0.57526E+01    0.13279E+01
    0.58689E+01    0.12597E+01
    0.59874E+01    0.11950E+01
    0.61084E+01    0.11335E+01
    0.62318E+01    0.10751E+01
    0.63577E+01    0.10198E+01
    0.64861E+01    0.96718E+00
    0.66171E+01    0.91727E+00
    0.67508E+01    0.86990E+00
    0.68872E+01    0.82494E+00
    0.70263E+01    0.78227E+00
    0.71682E+01    0.74177E+00
    0.73130E+01    0.70335E+00
    0.74608E+01    0.66688E+00
    0.76115E+01    0.63228E+00
    0.77653E+01    0.59945E+00
    0.79221E+01    0.56831E+00
    0.80822E+01    0.53875E+00
    0.82454E+01    0.51072E+00
    0.84120E+01    0.48412E+00
    0.85819E+01    0.45890E+00
    0.87553E+01    0.43497E+00
    0.89322E+01    0.41227E+00
    0.91126E+01    0.39074E+00
    0.92967E+01    0.37032E+00
    0.94845E+01    0.35095E+00
    0.96761E+01    0.33259E+00
    0.98716E+01    0.31517E+00
    0.10071E+02    0.29866E+00
    0.10274E+02    0.28300E+00
    0.10482E+02    0.26815E+00
    0.10694E+02    0.25407E+00
    0.10910E+02    0.24072E+00
    0.11130E+02    0.22807E+00
    0.11355E+02    0.21607E+00
    0.11584E+02    0.20469E+00
    0.11818E+02    0.19391E+00
    0.12057E+02    0.18369E+00
    0.12301E+02    0.17400E+00
    0.12549E+02    0.16482E+00
    0.12803E+02    0.15612E+00
    0.13061E+02    0.14787E+00
    0.13325E+02    0.14005E+00
    0.13594E+02    0.13264E+00
    0.13869E+02    0.12562E+00
    0.14149E+02    0.11897E+00
    0.14435E+02    0.11267E+00
    0.14727E+02    0.10669E+00
    0.15024E+02    0.10103E+00
    0.15328E+02    0.95668E-01
    0.15637E+02    0.90587E-01
    0.15953E+02    0.85773E-01
    0.16275E+02    0.81212E-01
    0.16604E+02    0.76891E-01
    0.16940E+02    0.72798E-01
    0.17282E+02    0.68920E-01
    0.17631E+02    0.65247E-01
    0.17987E+02    0.61769E-01
    0.18351E+02    0.58473E-01
    0.18721E+02    0.55352E-01
    0.19099E+02    0.52396E-01
    0.19485E+02    0.49596E-01
    0.19879E+02    0.46945E-01
