    0.10000E-03    0.60378E+03
    0.10202E-03    0.61576E+03
    0.10408E-03    0.62797E+03
    0.10618E-03    0.64042E+03
    0.10833E-03    0.65312E+03
    0.11052E-03    0.66606E+03
    0.11275E-03    0.67926E+03
    0.11503E-03    0.69273E+03
    0.11735E-03    0.70645E+03
    0.11972E-03    0.72045E+03
    0.12214E-03    0.73472E+03
    0.12461E-03    0.74927E+03
    0.12712E-03    0.76410E+03
    0.12969E-03    0.77923E+03
    0.13231E-03    0.79465E+03
    0.13499E-03    0.81038E+03
    0.13771E-03    0.82641E+03
    0.14049E-03    0.84275E+03
    0.14333E-03    0.85942E+03
    0.14623E-03    0.87641E+03
    0.14918E-03    0.89373E+03
    0.15220E-03    0.91139E+03
    0.15527E-03    0.92939E+03
    0.15841E-03    0.94774E+03
    0.16161E-03    0.96645E+03
    0.16487E-03    0.98552E+03
    0.16820E-03    0.10050E+04
    0.17160E-03    0.10248E+04
    0.17507E-03    0.10450E+04
    0.17860E-03    0.10656E+04
    0.18221E-03    0.10866E+04
    0.18589E-03    0.11080E+04
    0.18965E-03    0.11298E+04
    0.19348E-03    0.11520E+04
    0.19739E-03    0.11747E+04
    0.20138E-03    0.11978E+04
    0.20544E-03    0.12213E+04
    0.20959E-03    0.12453E+04
    0.21383E-03    0.12697E+04
    0.21815E-03    0.12946E+04
    0.22255E-03    0.13200E+04
    0.22705E-03    0.13459E+04
    0.23164E-03    0.13723E+04
    0.23632E-03    0.13991E+04
    0.24109E-03    0.14265E+04
    0.24596E-03    0.14544E+04
    0.25093E-03    0.14828E+04
    0.25600E-03    0.15118E+04
    0.26117E-03    0.15412E+04
    0.26645E-03    0.15713E+04
    0.27183E-03    0.16019E+04
    0.27732E-03    0.16331E+04
    0.28292E-03    0.16648E+04
    0.28864E-03    0.16972E+04
    0.29447E-03    0.17302E+04
    0.30042E-03    0.17637E+04
    0.30649E-03    0.17979E+04
    0.31268E-03    0.18327E+04
    0.31899E-03    0.18682E+04
    0.32544E-03    0.19043E+04
    0.33201E-03    0.19410E+04
    0.33872E-03    0.19784E+04
    0.34556E-03    0.20166E+04
    0.35254E-03    0.20554E+04
    0.35966E-03    0.20949E+04
    0.36693E-03    0.21351E+04
    0.37434E-03    0.21760E+04
    0.38190E-03    0.22177E+04
    0.38962E-03    0.22601E+04
    0.39749E-03    0.23032E+04
    0.40552E-03    0.23471E+04
    0.41371E-03    0.23918E+04
    0.42207E-03    0.24373E+04
    0.43060E-03    0.24836E+04
    0.43929E-03    0.25307E+04
    0.44817E-03    0.25786E+04
    0.45722E-03    0.26273E+04
    0.46646E-03    0.26769E+04
    0.47588E-03    0.27273E+04
    0.48550E-03    0.27786E+04
    0.49530E-03    0.28308E+04
    0.50531E-03    0.28839E+04
    0.51552E-03    0.29379E+04
    0.52593E-03    0.29928E+04
    0.53656E-03    0.30486E+04
    0.54739E-03    0.31053E+04
    0.55845E-03    0.31630E+04
    0.56973E-03    0.32217E+04
    0.58124E-03    0.32814E+04
    0.59299E-03    0.33420E+04
    0.60496E-03    0.34037E+04
    0.61719E-03    0.34663E+04
    0.62965E-03    0.35301E+04
    0.64237E-03    0.35948E+04
    0.65535E-03    0.36607E+04
    0.66859E-03    0.37276E+04
    0.68210E-03    0.37956E+04
    0.69588E-03    0.38647E+04
    0.70993E-03    0.39350E+04
    0.72427E-03    0.40064E+04
    0.73891E-03    0.40790E+04
    0.75383E-03    0.41528E+04
    0.76906E-03    0.42278E+04
    0.78460E-03    0.43040E+04
    0.80045E-03    0.43815E+04
    0.81662E-03    0.44603E+04
    0.83311E-03    0.45403E+04
    0.84994E-03    0.46217E+04
    0.86711E-03    0.47044E+04
    0.88463E-03    0.47884E+04
    0.90250E-03    0.48739E+04
    0.92073E-03    0.49607E+04
    0.93933E-03    0.50490E+04
    0.95831E-03    0.51388E+04
    0.97767E-03    0.52301E+04
    0.99742E-03    0.53228E+04
    0.10176E-02    0.54172E+04
    0.10381E-02    0.55131E+04
    0.10591E-02    0.56106E+04
    0.10805E-02    0.57097E+04
    0.11023E-02    0.58105E+04
    0.11246E-02    0.59129E+04
    0.11473E-02    0.60171E+04
    0.11705E-02    0.61230E+04
    0.11941E-02    0.62307E+04
    0.12182E-02    0.63401E+04
    0.12429E-02    0.64514E+04
    0.12680E-02    0.65645E+04
    0.12936E-02    0.66795E+04
    0.13197E-02    0.67964E+04
    0.13464E-02    0.69152E+04
    0.13736E-02    0.70360E+04
    0.14013E-02    0.71588E+04
    0.14296E-02    0.72835E+04
    0.14585E-02    0.74102E+04
    0.14880E-02    0.75390E+04
    0.15180E-02    0.76699E+04
    0.15487E-02    0.78028E+04
    0.15800E-02    0.79378E+04
    0.16119E-02    0.80750E+04
    0.16445E-02    0.82143E+04
    0.16777E-02    0.83557E+04
    0.17116E-02    0.84993E+04
    0.17462E-02    0.86451E+04
    0.17814E-02    0.87931E+04
    0.18174E-02    0.89433E+04
    0.18541E-02    0.90958E+04
    0.18916E-02    0.92504E+04
    0.19298E-02    0.94073E+04
    0.19688E-02    0.95665E+04
    0.20086E-02    0.97279E+04
    0.20491E-02    0.98916E+04
    0.20905E-02    0.10058E+05
    0.21328E-02    0.10226E+05
    0.21758E-02    0.10396E+05
    0.22198E-02    0.10569E+05
    0.22646E-02    0.10744E+05
    0.23104E-02    0.10921E+05
    0.23571E-02    0.11101E+05
    0.24047E-02    0.11282E+05
    0.24533E-02    0.11466E+05
    0.25028E-02    0.11653E+05
    0.25534E-02    0.11842E+05
    0.26050E-02    0.12032E+05
    0.26576E-02    0.12225E+05
    0.27113E-02    0.12420E+05
    0.27660E-02    0.12617E+05
    0.28219E-02    0.12816E+05
    0.28789E-02    0.13017E+05
    0.29371E-02    0.13220E+05
    0.29964E-02    0.13425E+05
    0.30569E-02    0.13632E+05
    0.31187E-02    0.13841E+05
    0.31817E-02    0.14052E+05
    0.32460E-02    0.14264E+05
    0.33115E-02    0.14478E+05
    0.33784E-02    0.14695E+05
    0.34467E-02    0.14912E+05
    0.35163E-02    0.15132E+05
    0.35874E-02    0.15353E+05
    0.36598E-02    0.15575E+05
    0.37338E-02    0.15799E+05
    0.38092E-02    0.16024E+05
    0.38861E-02    0.16250E+05
    0.39646E-02    0.16478E+05
    0.40447E-02    0.16707E+05
    0.41264E-02    0.16937E+05
    0.42098E-02    0.17168E+05
    0.42948E-02    0.17400E+05
    0.43816E-02    0.17632E+05
    0.44701E-02    0.17865E+05
    0.45604E-02    0.18099E+05
    0.46525E-02    0.18334E+05
    0.47465E-02    0.18568E+05
    0.48424E-02    0.18803E+05
    0.49402E-02    0.19039E+05
    0.50400E-02    0.19274E+05
    0.51419E-02    0.19509E+05
    0.52457E-02    0.19744E+05
    0.53517E-02    0.19979E+05
    0.54598E-02    0.20214E+05
    0.55701E-02    0.20448E+05
    0.56826E-02    0.20681E+05
    0.57974E-02    0.20913E+05
    0.59145E-02    0.21144E+05
    0.60340E-02    0.21375E+05
    0.61559E-02    0.21603E+05
    0.62803E-02    0.21831E+05
    0.64072E-02    0.22057E+05
    0.65366E-02    0.22281E+05
    0.66686E-02    0.22503E+05
    0.68033E-02    0.22723E+05
    0.69408E-02    0.22940E+05
    0.70810E-02    0.23155E+05
    0.72240E-02    0.23367E+05
    0.73700E-02    0.23577E+05
    0.75189E-02    0.23783E+05
    0.76708E-02    0.23986E+05
    0.78257E-02    0.24185E+05
    0.79838E-02    0.24381E+05
    0.81451E-02    0.24573E+05
    0.83096E-02    0.24760E+05
    0.84775E-02    0.24943E+05
    0.86488E-02    0.25121E+05
    0.88235E-02    0.25294E+05
    0.90017E-02    0.25463E+05
    0.91836E-02    0.25625E+05
    0.93691E-02    0.25782E+05
    0.95583E-02    0.25934E+05
    0.97514E-02    0.26079E+05
    0.99484E-02    0.26217E+05
    0.10149E-01    0.26349E+05
    0.10354E-01    0.26474E+05
    0.10564E-01    0.26592E+05
    0.10777E-01    0.26702E+05
    0.10995E-01    0.26805E+05
    0.11217E-01    0.26899E+05
    0.11443E-01    0.26985E+05
    0.11675E-01    0.27063E+05
    0.11910E-01    0.27132E+05
    0.12151E-01    0.27191E+05
    0.12397E-01    0.27241E+05
    0.12647E-01    0.27282E+05
    0.12902E-01    0.27312E+05
    0.13163E-01    0.27332E+05
    0.13429E-01    0.27342E+05
    0.13700E-01    0.27341E+05
    0.13977E-01    0.27329E+05
    0.14259E-01    0.27305E+05
    0.14547E-01    0.27271E+05
    0.14841E-01    0.27224E+05
    0.15141E-01    0.27166E+05
    0.15447E-01    0.27096E+05
    0.15759E-01    0.27013E+05
    0.16077E-01    0.26918E+05
    0.16402E-01    0.26811E+05
    0.16734E-01    0.26691E+05
    0.17072E-01    0.26558E+05
    0.17416E-01    0.26413E+05
    0.17768E-01    0.26254E+05
    0.18127E-01    0.26083E+05
    0.18493E-01    0.25899E+05
    0.18867E-01    0.25702E+05
    0.19248E-01    0.25493E+05
    0.19637E-01    0.25270E+05
    0.20034E-01    0.25036E+05
    0.20438E-01    0.24789E+05
    0.20851E-01    0.24530E+05
    0.21272E-01    0.24259E+05
    0.21702E-01    0.23977E+05
    0.22141E-01    0.23683E+05
    0.22588E-01    0.23379E+05
    0.23044E-01    0.23065E+05
    0.23510E-01    0.22741E+05
    0.23985E-01    0.22408E+05
    0.24469E-01    0.22067E+05
    0.24964E-01    0.21717E+05
    0.25468E-01    0.21361E+05
    0.25982E-01    0.20998E+05
    0.26507E-01    0.20629E+05
    0.27043E-01    0.20255E+05
    0.27589E-01    0.19878E+05
    0.28146E-01    0.19497E+05
    0.28715E-01    0.19114E+05
    0.29295E-01    0.18730E+05
    0.29887E-01    0.18346E+05
    0.30490E-01    0.17962E+05
    0.31106E-01    0.17580E+05
    0.31735E-01    0.17201E+05
    0.32376E-01    0.16826E+05
    0.33030E-01    0.16456E+05
    0.33697E-01    0.16091E+05
    0.34378E-01    0.15732E+05
    0.35072E-01    0.15381E+05
    0.35781E-01    0.15039E+05
    0.36504E-01    0.14705E+05
    0.37241E-01    0.14382E+05
    0.37993E-01    0.14069E+05
    0.38761E-01    0.13767E+05
    0.39544E-01    0.13477E+05
    0.40343E-01    0.13199E+05
    0.41158E-01    0.12933E+05
    0.41989E-01    0.12679E+05
    0.42838E-01    0.12438E+05
    0.43703E-01    0.12210E+05
    0.44586E-01    0.11993E+05
    0.45486E-01    0.11788E+05
    0.46405E-01    0.11595E+05
    0.47343E-01    0.11412E+05
    0.48299E-01    0.11239E+05
    0.49275E-01    0.11075E+05
    0.50270E-01    0.10918E+05
    0.51286E-01    0.10768E+05
    0.52322E-01    0.10623E+05
    0.53379E-01    0.10482E+05
    0.54457E-01    0.10342E+05
    0.55557E-01    0.10203E+05
    0.56680E-01    0.10062E+05
    0.57825E-01    0.99173E+04
    0.58993E-01    0.97679E+04
    0.60184E-01    0.96117E+04
    0.61400E-01    0.94472E+04
    0.62641E-01    0.92732E+04
    0.63906E-01    0.90885E+04
    0.65197E-01    0.88924E+04
    0.66514E-01    0.86845E+04
    0.67858E-01    0.84646E+04
    0.69229E-01    0.82333E+04
    0.70627E-01    0.79914E+04
    0.72054E-01    0.77402E+04
    0.73510E-01    0.74814E+04
    0.74994E-01    0.72171E+04
    0.76509E-01    0.69499E+04
    0.78055E-01    0.66824E+04
    0.79632E-01    0.64175E+04
    0.81241E-01    0.61581E+04
    0.82882E-01    0.59070E+04
    0.84556E-01    0.56670E+04
    0.86264E-01    0.54406E+04
    0.88007E-01    0.52297E+04
    0.89785E-01    0.50358E+04
    0.91598E-01    0.48602E+04
    0.93449E-01    0.47033E+04
    0.95337E-01    0.45648E+04
    0.97263E-01    0.44441E+04
    0.99227E-01    0.43397E+04
    0.10123E+00    0.42495E+04
    0.10328E+00    0.41710E+04
    0.10536E+00    0.41011E+04
    0.10749E+00    0.40361E+04
    0.10966E+00    0.39725E+04
    0.11188E+00    0.39064E+04
    0.11414E+00    0.38346E+04
    0.11644E+00    0.37540E+04
    0.11880E+00    0.36624E+04
    0.12120E+00    0.35586E+04
    0.12365E+00    0.34426E+04
    0.12614E+00    0.33155E+04
    0.12869E+00    0.31798E+04
    0.13129E+00    0.30385E+04
    0.13394E+00    0.28957E+04
    0.13665E+00    0.27554E+04
    0.13941E+00    0.26217E+04
    0.14223E+00    0.24982E+04
    0.14510E+00    0.23875E+04
    0.14803E+00    0.22913E+04
    0.15102E+00    0.22099E+04
    0.15407E+00    0.21426E+04
    0.15718E+00    0.20874E+04
    0.16036E+00    0.20413E+04
    0.16360E+00    0.20005E+04
    0.16690E+00    0.19610E+04
    0.17028E+00    0.19189E+04
    0.17371E+00    0.18710E+04
    0.17722E+00    0.18153E+04
    0.18080E+00    0.17512E+04
    0.18446E+00    0.16798E+04
    0.18818E+00    0.16035E+04
    0.19198E+00    0.15269E+04
    0.19586E+00    0.14515E+04
    0.19982E+00    0.13818E+04
    0.20386E+00    0.13202E+04
    0.20797E+00    0.12679E+04
    0.21218E+00    0.12244E+04
    0.21646E+00    0.11882E+04
    0.22083E+00    0.11567E+04
    0.22530E+00    0.11266E+04
    0.22985E+00    0.10950E+04
    0.23449E+00    0.10600E+04
    0.23923E+00    0.10206E+04
    0.24406E+00    0.97768E+03
    0.24899E+00    0.93301E+03
    0.25402E+00    0.88909E+03
    0.25915E+00    0.84827E+03
    0.26439E+00    0.81209E+03
    0.26973E+00    0.78095E+03
    0.27518E+00    0.75409E+03
    0.28074E+00    0.72984E+03
    0.28641E+00    0.70626E+03
    0.29219E+00    0.68173E+03
    0.29810E+00    0.65552E+03
    0.30412E+00    0.62791E+03
    0.31026E+00    0.60004E+03
    0.31653E+00    0.57332E+03
    0.32292E+00    0.54884E+03
    0.32945E+00    0.52698E+03
    0.33610E+00    0.50731E+03
    0.34289E+00    0.48887E+03
    0.34982E+00    0.47064E+03
    0.35689E+00    0.45204E+03
    0.36409E+00    0.43311E+03
    0.37145E+00    0.41438E+03
    0.37895E+00    0.39656E+03
    0.38661E+00    0.38007E+03
    0.39442E+00    0.36487E+03
    0.40239E+00    0.35054E+03
    0.41052E+00    0.33660E+03
    0.41881E+00    0.32276E+03
    0.42727E+00    0.30909E+03
    0.43590E+00    0.29587E+03
    0.44471E+00    0.28337E+03
    0.45369E+00    0.27163E+03
    0.46286E+00    0.26048E+03
    0.47221E+00    0.24970E+03
    0.48174E+00    0.23918E+03
    0.49148E+00    0.22897E+03
    0.50141E+00    0.21919E+03
    0.51153E+00    0.20990E+03
    0.52187E+00    0.20105E+03
    0.53241E+00    0.19254E+03
    0.54317E+00    0.18432E+03
    0.55414E+00    0.17639E+03
    0.56533E+00    0.16880E+03
    0.57675E+00    0.16155E+03
    0.58840E+00    0.15461E+03
    0.60029E+00    0.14794E+03
    0.61242E+00    0.14153E+03
    0.62479E+00    0.13538E+03
    0.63741E+00    0.12950E+03
    0.65029E+00    0.12386E+03
    0.66342E+00    0.11846E+03
    0.67683E+00    0.11327E+03
    0.69050E+00    0.10831E+03
    0.70445E+00    0.10356E+03
    0.71868E+00    0.99000E+02
    0.73320E+00    0.94635E+02
    0.74801E+00    0.90453E+02
    0.76312E+00    0.86450E+02
    0.77854E+00    0.82616E+02
    0.79426E+00    0.78945E+02
    0.81031E+00    0.75431E+02
    0.82668E+00    0.72067E+02
    0.84338E+00    0.68847E+02
    0.86041E+00    0.65766E+02
    0.87780E+00    0.62817E+02
    0.89553E+00    0.59996E+02
    0.91362E+00    0.57297E+02
    0.93208E+00    0.54715E+02
    0.95091E+00    0.52244E+02
    0.97011E+00    0.49881E+02
    0.98971E+00    0.47622E+02
    0.10097E+01    0.45460E+02
    0.10301E+01    0.43394E+02
    0.10509E+01    0.41418E+02
    0.10721E+01    0.39530E+02
    0.10938E+01    0.37724E+02
    0.11159E+01    0.35999E+02
    0.11384E+01    0.34350E+02
    0.11614E+01    0.32774E+02
    0.11849E+01    0.31268E+02
    0.12088E+01    0.29829E+02
    0.12333E+01    0.28454E+02
    0.12582E+01    0.27140E+02
    0.12836E+01    0.25886E+02
    0.13095E+01    0.24688E+02
    0.13360E+01    0.23543E+02
    0.13630E+01    0.22450E+02
    0.13905E+01    0.21406E+02
    0.14186E+01    0.20410E+02
    0.14472E+01    0.19458E+02
    0.14765E+01    0.18550E+02
    0.15063E+01    0.17683E+02
    0.15367E+01    0.16855E+02
    0.15678E+01    0.16065E+02
    0.15994E+01    0.15311E+02
    0.16318E+01    0.14592E+02
    0.16647E+01    0.13905E+02
    0.16984E+01    0.13250E+02
    0.17327E+01    0.12625E+02
    0.17677E+01    0.12029E+02
    0.18034E+01    0.11460E+02
    0.18398E+01    0.10918E+02
    0.18770E+01    0.10400E+02
    0.19149E+01    0.99067E+01
    0.19536E+01    0.94360E+01
    0.19930E+01    0.89873E+01
    0.20333E+01    0.85592E+01
    0.20744E+01    0.81512E+01
    0.21163E+01    0.77621E+01
    0.21590E+01    0.73912E+01
    0.22026E+01    0.70376E+01
    0.22471E+01    0.67006E+01
    0.22925E+01    0.63793E+01
    0.23388E+01    0.60732E+01
    0.23861E+01    0.57814E+01
    0.24343E+01    0.55033E+01
    0.24835E+01    0.52383E+01
    0.25336E+01    0.49859E+01
    0.25848E+01    0.47453E+01
    0.26370E+01    0.45161E+01
    0.26903E+01    0.42978E+01
    0.27447E+01    0.40898E+01
    0.28001E+01    0.38917E+01
    0.28567E+01    0.37030E+01
    0.29144E+01    0.35232E+01
    0.29733E+01    0.33521E+01
    0.30333E+01    0.31890E+01
    0.30946E+01    0.30338E+01
    0.31571E+01    0.28860E+01
    0.32209E+01    0.27452E+01
    0.32860E+01    0.26112E+01
    0.33523E+01    0.24836E+01
    0.34201E+01    0.23622E+01
    0.34892E+01    0.22466E+01
    0.35596E+01    0.21365E+01
    0.36316E+01    0.20317E+01
    0.37049E+01    0.19320E+01
    0.37798E+01    0.18371E+01
    0.38561E+01    0.17468E+01
    0.39340E+01    0.16608E+01
    0.40135E+01    0.15790E+01
    0.40946E+01    0.15012E+01
    0.41773E+01    0.14272E+01
    0.42617E+01    0.13567E+01
    0.43478E+01    0.12897E+01
    0.44356E+01    0.12259E+01
    0.45252E+01    0.11652E+01
    0.46166E+01    0.11075E+01
    0.47099E+01    0.10526E+01
    0.48050E+01    0.10004E+01
    0.49021E+01    0.95072E+00
    0.50011E+01    0.90348E+00
    0.51021E+01    0.85856E+00
    0.52052E+01    0.81584E+00
    0.53104E+01    0.77521E+00
    0.54176E+01    0.73657E+00
    0.55271E+01    0.69984E+00
    0.56387E+01    0.66491E+00
    0.57526E+01    0.63170E+00
    0.58689E+01    0.60013E+00
    0.59874E+01    0.57011E+00
    0.61084E+01    0.54157E+00
    0.62318E+01    0.51445E+00
    0.63577E+01    0.48866E+00
    0.64861E+01    0.46415E+00
    0.66171E+01    0.44085E+00
    0.67508E+01    0.41871E+00
    0.68872E+01    0.39766E+00
    0.70263E+01    0.37766E+00
    0.71682E+01    0.35865E+00
    0.73130E+01    0.34059E+00
    0.74608E+01    0.32343E+00
    0.76115E+01    0.30712E+00
    0.77653E+01    0.29162E+00
    0.79221E+01    0.27689E+00
    0.80822E+01    0.26290E+00
    0.82454E+01    0.24961E+00
    0.84120E+01    0.23698E+00
    0.85819E+01    0.22499E+00
    0.87553E+01    0.21359E+00
    0.89322E+01    0.20277E+00
    0.91126E+01    0.19248E+00
    0.92967E+01    0.18272E+00
    0.94845E+01    0.17344E+00
    0.96761E+01    0.16463E+00
    0.98716E+01    0.15626E+00
    0.10071E+02    0.14831E+00
    0.10274E+02    0.14076E+00
    0.10482E+02    0.13359E+00
    0.10694E+02    0.12679E+00
    0.10910E+02    0.12032E+00
    0.11130E+02    0.11418E+00
    0.11355E+02    0.10836E+00
    0.11584E+02    0.10282E+00
    0.11818E+02    0.97568E-01
    0.12057E+02    0.92579E-01
    0.12301E+02    0.87843E-01
    0.12549E+02    0.83347E-01
    0.12803E+02    0.79079E-01
    0.13061E+02    0.75027E-01
    0.13325E+02    0.71181E-01
    0.13594E+02    0.67530E-01
    0.13869E+02    0.64064E-01
    0.14149E+02    0.60775E-01
    0.14435E+02    0.57653E-01
    0.14727E+02    0.54689E-01
    0.15024E+02    0.51877E-01
    0.15328E+02    0.49208E-01
    0.15637E+02    0.46674E-01
    0.15953E+02    0.44271E-01
    0.16275E+02    0.41989E-01
    0.16604E+02    0.39825E-01
    0.16940E+02    0.37770E-01
    0.17282E+02    0.35821E-01
    0.17631E+02    0.33971E-01
    0.17987E+02    0.32217E-01
    0.18351E+02    0.30551E-01
    0.18721E+02    0.28972E-01
    0.19099E+02    0.27473E-01
    0.19485E+02    0.26051E-01
    0.19879E+02    0.24702E-01
