    0.10000E-03    0.43901E+03
    0.10202E-03    0.44718E+03
    0.10408E-03    0.45551E+03
    0.10618E-03    0.46400E+03
    0.10833E-03    0.47264E+03
    0.11052E-03    0.48144E+03
    0.11275E-03    0.49041E+03
    0.11503E-03    0.49954E+03
    0.11735E-03    0.50885E+03
    0.11972E-03    0.51833E+03
    0.12214E-03    0.52798E+03
    0.12461E-03    0.53781E+03
    0.12712E-03    0.54783E+03
    0.12969E-03    0.55804E+03
    0.13231E-03    0.56843E+03
    0.13499E-03    0.57902E+03
    0.13771E-03    0.58980E+03
    0.14049E-03    0.60079E+03
    0.14333E-03    0.61198E+03
    0.14623E-03    0.62338E+03
    0.14918E-03    0.63499E+03
    0.15220E-03    0.64682E+03
    0.15527E-03    0.65887E+03
    0.15841E-03    0.67115E+03
    0.16161E-03    0.68365E+03
    0.16487E-03    0.69638E+03
    0.16820E-03    0.70936E+03
    0.17160E-03    0.72257E+03
    0.17507E-03    0.73603E+03
    0.17860E-03    0.74974E+03
    0.18221E-03    0.76371E+03
    0.18589E-03    0.77794E+03
    0.18965E-03    0.79243E+03
    0.19348E-03    0.80720E+03
    0.19739E-03    0.82224E+03
    0.20138E-03    0.83756E+03
    0.20544E-03    0.85316E+03
    0.20959E-03    0.86906E+03
    0.21383E-03    0.88525E+03
    0.21815E-03    0.90174E+03
    0.22255E-03    0.91855E+03
    0.22705E-03    0.93566E+03
    0.23164E-03    0.95310E+03
    0.23632E-03    0.97086E+03
    0.24109E-03    0.98895E+03
    0.24596E-03    0.10074E+04
    0.25093E-03    0.10262E+04
    0.25600E-03    0.10453E+04
    0.26117E-03    0.10648E+04
    0.26645E-03    0.10846E+04
    0.27183E-03    0.11048E+04
    0.27732E-03    0.11254E+04
    0.28292E-03    0.11464E+04
    0.28864E-03    0.11677E+04
    0.29447E-03    0.11895E+04
    0.30042E-03    0.12117E+04
    0.30649E-03    0.12343E+04
    0.31268E-03    0.12573E+04
    0.31899E-03    0.12807E+04
    0.32544E-03    0.13046E+04
    0.33201E-03    0.13289E+04
    0.33872E-03    0.13537E+04
    0.34556E-03    0.13789E+04
    0.35254E-03    0.14046E+04
    0.35966E-03    0.14308E+04
    0.36693E-03    0.14575E+04
    0.37434E-03    0.14847E+04
    0.38190E-03    0.15124E+04
    0.38962E-03    0.15406E+04
    0.39749E-03    0.15693E+04
    0.40552E-03    0.15986E+04
    0.41371E-03    0.16284E+04
    0.42207E-03    0.16588E+04
    0.43060E-03    0.16897E+04
    0.43929E-03    0.17212E+04
    0.44817E-03    0.17533E+04
    0.45722E-03    0.17860E+04
    0.46646E-03    0.18193E+04
    0.47588E-03    0.18533E+04
    0.48550E-03    0.18878E+04
    0.49530E-03    0.19231E+04
    0.50531E-03    0.19589E+04
    0.51552E-03    0.19955E+04
    0.52593E-03    0.20327E+04
    0.53656E-03    0.20706E+04
    0.54739E-03    0.21093E+04
    0.55845E-03    0.21486E+04
    0.56973E-03    0.21887E+04
    0.58124E-03    0.22295E+04
    0.59299E-03    0.22711E+04
    0.60496E-03    0.23135E+04
    0.61719E-03    0.23566E+04
    0.62965E-03    0.24006E+04
    0.64237E-03    0.24454E+04
    0.65535E-03    0.24910E+04
    0.66859E-03    0.25375E+04
    0.68210E-03    0.25848E+04
    0.69588E-03    0.26330E+04
    0.70993E-03    0.26821E+04
    0.72427E-03    0.27321E+04
    0.73891E-03    0.27830E+04
    0.75383E-03    0.28349E+04
    0.76906E-03    0.28877E+04
    0.78460E-03    0.29415E+04
    0.80045E-03    0.29963E+04
    0.81662E-03    0.30521E+04
    0.83311E-03    0.31090E+04
    0.84994E-03    0.31668E+04
    0.86711E-03    0.32258E+04
    0.88463E-03    0.32858E+04
    0.90250E-03    0.33469E+04
    0.92073E-03    0.34091E+04
    0.93933E-03    0.34725E+04
    0.95831E-03    0.35370E+04
    0.97767E-03    0.36027E+04
    0.99742E-03    0.36695E+04
    0.10176E-02    0.37376E+04
    0.10381E-02    0.38068E+04
    0.10591E-02    0.38774E+04
    0.10805E-02    0.39492E+04
    0.11023E-02    0.40222E+04
    0.11246E-02    0.40966E+04
    0.11473E-02    0.41722E+04
    0.11705E-02    0.42492E+04
    0.11941E-02    0.43276E+04
    0.12182E-02    0.44073E+04
    0.12429E-02    0.44884E+04
    0.12680E-02    0.45710E+04
    0.12936E-02    0.46549E+04
    0.13197E-02    0.47403E+04
    0.13464E-02    0.48271E+04
    0.13736E-02    0.49155E+04
    0.14013E-02    0.50053E+04
    0.14296E-02    0.50967E+04
    0.14585E-02    0.51895E+04
    0.14880E-02    0.52840E+04
    0.15180E-02    0.53800E+04
    0.15487E-02    0.54776E+04
    0.15800E-02    0.55768E+04
    0.16119E-02    0.56776E+04
    0.16445E-02    0.57801E+04
    0.16777E-02    0.58843E+04
    0.17116E-02    0.59901E+04
    0.17462E-02    0.60976E+04
    0.17814E-02    0.62069E+04
    0.18174E-02    0.63179E+04
    0.18541E-02    0.64306E+04
    0.18916E-02    0.65451E+04
    0.19298E-02    0.66614E+04
    0.19688E-02    0.67795E+04
    0.20086E-02    0.68994E+04
    0.20491E-02    0.70212E+04
    0.20905E-02    0.71449E+04
    0.21328E-02    0.72704E+04
    0.21758E-02    0.73978E+04
    0.22198E-02    0.75271E+04
    0.22646E-02    0.76583E+04
    0.23104E-02    0.77915E+04
    0.23571E-02    0.79266E+04
    0.24047E-02    0.80637E+04
    0.24533E-02    0.82027E+04
    0.25028E-02    0.83438E+04
    0.25534E-02    0.84869E+04
    0.26050E-02    0.86320E+04
    0.26576E-02    0.87791E+04
    0.27113E-02    0.89283E+04
    0.27660E-02    0.90795E+04
    0.28219E-02    0.92328E+04
    0.28789E-02    0.93882E+04
    0.29371E-02    0.95456E+04
    0.29964E-02    0.97052E+04
    0.30569E-02    0.98668E+04
    0.31187E-02    0.10031E+05
    0.31817E-02    0.10196E+05
    0.32460E-02    0.10364E+05
    0.33115E-02    0.10534E+05
    0.33784E-02    0.10707E+05
    0.34467E-02    0.10881E+05
    0.35163E-02    0.11057E+05
    0.35874E-02    0.11236E+05
    0.36598E-02    0.11416E+05
    0.37338E-02    0.11599E+05
    0.38092E-02    0.11784E+05
    0.38861E-02    0.11971E+05
    0.39646E-02    0.12160E+05
    0.40447E-02    0.12351E+05
    0.41264E-02    0.12544E+05
    0.42098E-02    0.12739E+05
    0.42948E-02    0.12936E+05
    0.43816E-02    0.13135E+05
    0.44701E-02    0.13336E+05
    0.45604E-02    0.13539E+05
    0.46525E-02    0.13744E+05
    0.47465E-02    0.13951E+05
    0.48424E-02    0.14159E+05
    0.49402E-02    0.14370E+05
    0.50400E-02    0.14582E+05
    0.51419E-02    0.14796E+05
    0.52457E-02    0.15012E+05
    0.53517E-02    0.15229E+05
    0.54598E-02    0.15448E+05
    0.55701E-02    0.15669E+05
    0.56826E-02    0.15891E+05
    0.57974E-02    0.16115E+05
    0.59145E-02    0.16340E+05
    0.60340E-02    0.16566E+05
    0.61559E-02    0.16794E+05
    0.62803E-02    0.17022E+05
    0.64072E-02    0.17252E+05
    0.65366E-02    0.17483E+05
    0.66686E-02    0.17715E+05
    0.68033E-02    0.17948E+05
    0.69408E-02    0.18182E+05
    0.70810E-02    0.18416E+05
    0.72240E-02    0.18651E+05
    0.73700E-02    0.18887E+05
    0.75189E-02    0.19123E+05
    0.76708E-02    0.19359E+05
    0.78257E-02    0.19595E+05
    0.79838E-02    0.19832E+05
    0.81451E-02    0.20068E+05
    0.83096E-02    0.20305E+05
    0.84775E-02    0.20541E+05
    0.86488E-02    0.20776E+05
    0.88235E-02    0.21011E+05
    0.90017E-02    0.21245E+05
    0.91836E-02    0.21478E+05
    0.93691E-02    0.21711E+05
    0.95583E-02    0.21942E+05
    0.97514E-02    0.22171E+05
    0.99484E-02    0.22399E+05
    0.10149E-01    0.22626E+05
    0.10354E-01    0.22850E+05
    0.10564E-01    0.23072E+05
    0.10777E-01    0.23292E+05
    0.10995E-01    0.23510E+05
    0.11217E-01    0.23725E+05
    0.11443E-01    0.23936E+05
    0.11675E-01    0.24145E+05
    0.11910E-01    0.24351E+05
    0.12151E-01    0.24552E+05
    0.12397E-01    0.24750E+05
    0.12647E-01    0.24944E+05
    0.12902E-01    0.25133E+05
    0.13163E-01    0.25318E+05
    0.13429E-01    0.25499E+05
    0.13700E-01    0.25674E+05
    0.13977E-01    0.25843E+05
    0.14259E-01    0.26007E+05
    0.14547E-01    0.26166E+05
    0.14841E-01    0.26318E+05
    0.15141E-01    0.26463E+05
    0.15447E-01    0.26602E+05
    0.15759E-01    0.26734E+05
    0.16077E-01    0.26858E+05
    0.16402E-01    0.26975E+05
    0.16734E-01    0.27084E+05
    0.17072E-01    0.27185E+05
    0.17416E-01    0.27278E+05
    0.17768E-01    0.27362E+05
    0.18127E-01    0.27436E+05
    0.18493E-01    0.27502E+05
    0.18867E-01    0.27558E+05
    0.19248E-01    0.27604E+05
    0.19637E-01    0.27639E+05
    0.20034E-01    0.27665E+05
    0.20438E-01    0.27680E+05
    0.20851E-01    0.27684E+05
    0.21272E-01    0.27677E+05
    0.21702E-01    0.27659E+05
    0.22141E-01    0.27629E+05
    0.22588E-01    0.27588E+05
    0.23044E-01    0.27535E+05
    0.23510E-01    0.27469E+05
    0.23985E-01    0.27392E+05
    0.24469E-01    0.27303E+05
    0.24964E-01    0.27201E+05
    0.25468E-01    0.27087E+05
    0.25982E-01    0.26961E+05
    0.26507E-01    0.26823E+05
    0.27043E-01    0.26672E+05
    0.27589E-01    0.26509E+05
    0.28146E-01    0.26335E+05
    0.28715E-01    0.26148E+05
    0.29295E-01    0.25950E+05
    0.29887E-01    0.25741E+05
    0.30490E-01    0.25520E+05
    0.31106E-01    0.25289E+05
    0.31735E-01    0.25047E+05
    0.32376E-01    0.24795E+05
    0.33030E-01    0.24534E+05
    0.33697E-01    0.24264E+05
    0.34378E-01    0.23986E+05
    0.35072E-01    0.23700E+05
    0.35781E-01    0.23406E+05
    0.36504E-01    0.23107E+05
    0.37241E-01    0.22801E+05
    0.37993E-01    0.22490E+05
    0.38761E-01    0.22176E+05
    0.39544E-01    0.21857E+05
    0.40343E-01    0.21537E+05
    0.41158E-01    0.21214E+05
    0.41989E-01    0.20890E+05
    0.42838E-01    0.20567E+05
    0.43703E-01    0.20244E+05
    0.44586E-01    0.19923E+05
    0.45486E-01    0.19605E+05
    0.46405E-01    0.19289E+05
    0.47343E-01    0.18978E+05
    0.48299E-01    0.18672E+05
    0.49275E-01    0.18371E+05
    0.50270E-01    0.18076E+05
    0.51286E-01    0.17788E+05
    0.52322E-01    0.17507E+05
    0.53379E-01    0.17234E+05
    0.54457E-01    0.16968E+05
    0.55557E-01    0.16710E+05
    0.56680E-01    0.16460E+05
    0.57825E-01    0.16218E+05
    0.58993E-01    0.15984E+05
    0.60184E-01    0.15757E+05
    0.61400E-01    0.15537E+05
    0.62641E-01    0.15323E+05
    0.63906E-01    0.15115E+05
    0.65197E-01    0.14911E+05
    0.66514E-01    0.14711E+05
    0.67858E-01    0.14514E+05
    0.69229E-01    0.14318E+05
    0.70627E-01    0.14122E+05
    0.72054E-01    0.13925E+05
    0.73510E-01    0.13725E+05
    0.74994E-01    0.13521E+05
    0.76509E-01    0.13311E+05
    0.78055E-01    0.13095E+05
    0.79632E-01    0.12871E+05
    0.81241E-01    0.12639E+05
    0.82882E-01    0.12397E+05
    0.84556E-01    0.12145E+05
    0.86264E-01    0.11882E+05
    0.88007E-01    0.11611E+05
    0.89785E-01    0.11329E+05
    0.91598E-01    0.11039E+05
    0.93449E-01    0.10742E+05
    0.95337E-01    0.10439E+05
    0.97263E-01    0.10133E+05
    0.99227E-01    0.98247E+04
    0.10123E+00    0.95177E+04
    0.10328E+00    0.92141E+04
    0.10536E+00    0.89164E+04
    0.10749E+00    0.86272E+04
    0.10966E+00    0.83489E+04
    0.11188E+00    0.80835E+04
    0.11414E+00    0.78328E+04
    0.11644E+00    0.75980E+04
    0.11880E+00    0.73800E+04
    0.12120E+00    0.71791E+04
    0.12365E+00    0.69949E+04
    0.12614E+00    0.68265E+04
    0.12869E+00    0.66722E+04
    0.13129E+00    0.65301E+04
    0.13394E+00    0.63975E+04
    0.13665E+00    0.62714E+04
    0.13941E+00    0.61487E+04
    0.14223E+00    0.60257E+04
    0.14510E+00    0.58995E+04
    0.14803E+00    0.57672E+04
    0.15102E+00    0.56269E+04
    0.15407E+00    0.54772E+04
    0.15718E+00    0.53175E+04
    0.16036E+00    0.51484E+04
    0.16360E+00    0.49715E+04
    0.16690E+00    0.47894E+04
    0.17028E+00    0.46054E+04
    0.17371E+00    0.44233E+04
    0.17722E+00    0.42466E+04
    0.18080E+00    0.40788E+04
    0.18446E+00    0.39227E+04
    0.18818E+00    0.37804E+04
    0.19198E+00    0.36528E+04
    0.19586E+00    0.35396E+04
    0.19982E+00    0.34392E+04
    0.20386E+00    0.33492E+04
    0.20797E+00    0.32664E+04
    0.21218E+00    0.31871E+04
    0.21646E+00    0.31074E+04
    0.22083E+00    0.30242E+04
    0.22530E+00    0.29353E+04
    0.22985E+00    0.28396E+04
    0.23449E+00    0.27377E+04
    0.23923E+00    0.26312E+04
    0.24406E+00    0.25232E+04
    0.24899E+00    0.24171E+04
    0.25402E+00    0.23160E+04
    0.25915E+00    0.22227E+04
    0.26439E+00    0.21387E+04
    0.26973E+00    0.20642E+04
    0.27518E+00    0.19980E+04
    0.28074E+00    0.19378E+04
    0.28641E+00    0.18809E+04
    0.29219E+00    0.18241E+04
    0.29810E+00    0.17653E+04
    0.30412E+00    0.17034E+04
    0.31026E+00    0.16385E+04
    0.31653E+00    0.15720E+04
    0.32292E+00    0.15062E+04
    0.32945E+00    0.14433E+04
    0.33610E+00    0.13851E+04
    0.34289E+00    0.13324E+04
    0.34982E+00    0.12848E+04
    0.35689E+00    0.12408E+04
    0.36409E+00    0.11987E+04
    0.37145E+00    0.11567E+04
    0.37895E+00    0.11138E+04
    0.38661E+00    0.10700E+04
    0.39442E+00    0.10262E+04
    0.40239E+00    0.98358E+03
    0.41052E+00    0.94338E+03
    0.41881E+00    0.90616E+03
    0.42727E+00    0.87175E+03
    0.43590E+00    0.83932E+03
    0.44471E+00    0.80787E+03
    0.45369E+00    0.77665E+03
    0.46286E+00    0.74550E+03
    0.47221E+00    0.71482E+03
    0.48174E+00    0.68525E+03
    0.49148E+00    0.65729E+03
    0.50141E+00    0.63103E+03
    0.51153E+00    0.60615E+03
    0.52187E+00    0.58217E+03
    0.53241E+00    0.55870E+03
    0.54317E+00    0.53573E+03
    0.55414E+00    0.51344E+03
    0.56533E+00    0.49213E+03
    0.57675E+00    0.47189E+03
    0.58840E+00    0.45260E+03
    0.60029E+00    0.43404E+03
    0.61242E+00    0.41605E+03
    0.62479E+00    0.39862E+03
    0.63741E+00    0.38185E+03
    0.65029E+00    0.36582E+03
    0.66342E+00    0.35049E+03
    0.67683E+00    0.33578E+03
    0.69050E+00    0.32160E+03
    0.70445E+00    0.30794E+03
    0.71868E+00    0.29482E+03
    0.73320E+00    0.28225E+03
    0.74801E+00    0.27021E+03
    0.76312E+00    0.25865E+03
    0.77854E+00    0.24754E+03
    0.79426E+00    0.23687E+03
    0.81031E+00    0.22664E+03
    0.82668E+00    0.21684E+03
    0.84338E+00    0.20744E+03
    0.86041E+00    0.19841E+03
    0.87780E+00    0.18976E+03
    0.89553E+00    0.18147E+03
    0.91362E+00    0.17352E+03
    0.93208E+00    0.16591E+03
    0.95091E+00    0.15860E+03
    0.97011E+00    0.15161E+03
    0.98971E+00    0.14491E+03
    0.10097E+01    0.13849E+03
    0.10301E+01    0.13234E+03
    0.10509E+01    0.12645E+03
    0.10721E+01    0.12081E+03
    0.10938E+01    0.11542E+03
    0.11159E+01    0.11025E+03
    0.11384E+01    0.10530E+03
    0.11614E+01    0.10057E+03
    0.11849E+01    0.96039E+02
    0.12088E+01    0.91704E+02
    0.12333E+01    0.87557E+02
    0.12582E+01    0.83589E+02
    0.12836E+01    0.79794E+02
    0.13095E+01    0.76164E+02
    0.13360E+01    0.72694E+02
    0.13630E+01    0.69375E+02
    0.13905E+01    0.66202E+02
    0.14186E+01    0.63169E+02
    0.14472E+01    0.60269E+02
    0.14765E+01    0.57497E+02
    0.15063E+01    0.54849E+02
    0.15367E+01    0.52318E+02
    0.15678E+01    0.49899E+02
    0.15994E+01    0.47589E+02
    0.16318E+01    0.45382E+02
    0.16647E+01    0.43274E+02
    0.16984E+01    0.41260E+02
    0.17327E+01    0.39337E+02
    0.17677E+01    0.37500E+02
    0.18034E+01    0.35747E+02
    0.18398E+01    0.34073E+02
    0.18770E+01    0.32475E+02
    0.19149E+01    0.30949E+02
    0.19536E+01    0.29493E+02
    0.19930E+01    0.28103E+02
    0.20333E+01    0.26777E+02
    0.20744E+01    0.25512E+02
    0.21163E+01    0.24305E+02
    0.21590E+01    0.23153E+02
    0.22026E+01    0.22054E+02
    0.22471E+01    0.21006E+02
    0.22925E+01    0.20006E+02
    0.23388E+01    0.19052E+02
    0.23861E+01    0.18143E+02
    0.24343E+01    0.17276E+02
    0.24835E+01    0.16449E+02
    0.25336E+01    0.15661E+02
    0.25848E+01    0.14910E+02
    0.26370E+01    0.14194E+02
    0.26903E+01    0.13511E+02
    0.27447E+01    0.12860E+02
    0.28001E+01    0.12240E+02
    0.28567E+01    0.11649E+02
    0.29144E+01    0.11086E+02
    0.29733E+01    0.10549E+02
    0.30333E+01    0.10038E+02
    0.30946E+01    0.95508E+01
    0.31571E+01    0.90869E+01
    0.32209E+01    0.86450E+01
    0.32860E+01    0.82241E+01
    0.33523E+01    0.78232E+01
    0.34201E+01    0.74414E+01
    0.34892E+01    0.70778E+01
    0.35596E+01    0.67316E+01
    0.36316E+01    0.64020E+01
    0.37049E+01    0.60882E+01
    0.37798E+01    0.57894E+01
    0.38561E+01    0.55050E+01
    0.39340E+01    0.52343E+01
    0.40135E+01    0.49766E+01
    0.40946E+01    0.47314E+01
    0.41773E+01    0.44980E+01
    0.42617E+01    0.42759E+01
    0.43478E+01    0.40645E+01
    0.44356E+01    0.38634E+01
    0.45252E+01    0.36720E+01
    0.46166E+01    0.34900E+01
    0.47099E+01    0.33168E+01
    0.48050E+01    0.31520E+01
    0.49021E+01    0.29953E+01
    0.50011E+01    0.28462E+01
    0.51021E+01    0.27044E+01
    0.52052E+01    0.25696E+01
    0.53104E+01    0.24413E+01
    0.54176E+01    0.23194E+01
    0.55271E+01    0.22034E+01
    0.56387E+01    0.20931E+01
    0.57526E+01    0.19883E+01
    0.58689E+01    0.18886E+01
    0.59874E+01    0.17938E+01
    0.61084E+01    0.17037E+01
    0.62318E+01    0.16181E+01
    0.63577E+01    0.15367E+01
    0.64861E+01    0.14593E+01
    0.66171E+01    0.13858E+01
    0.67508E+01    0.13159E+01
    0.68872E+01    0.12495E+01
    0.70263E+01    0.11863E+01
    0.71682E+01    0.11264E+01
    0.73130E+01    0.10694E+01
    0.74608E+01    0.10152E+01
    0.76115E+01    0.96377E+00
    0.77653E+01    0.91489E+00
    0.79221E+01    0.86845E+00
    0.80822E+01    0.82433E+00
    0.82454E+01    0.78243E+00
    0.84120E+01    0.74262E+00
    0.85819E+01    0.70481E+00
    0.87553E+01    0.66890E+00
    0.89322E+01    0.63480E+00
    0.91126E+01    0.60241E+00
    0.92967E+01    0.57165E+00
    0.94845E+01    0.54243E+00
    0.96761E+01    0.51470E+00
    0.98716E+01    0.48836E+00
    0.10071E+02    0.46335E+00
    0.10274E+02    0.43961E+00
    0.10482E+02    0.41707E+00
    0.10694E+02    0.39567E+00
    0.10910E+02    0.37535E+00
    0.11130E+02    0.35606E+00
    0.11355E+02    0.33775E+00
    0.11584E+02    0.32038E+00
    0.11818E+02    0.30388E+00
    0.12057E+02    0.28823E+00
    0.12301E+02    0.27337E+00
    0.12549E+02    0.25927E+00
    0.12803E+02    0.24588E+00
    0.13061E+02    0.23318E+00
    0.13325E+02    0.22113E+00
    0.13594E+02    0.20970E+00
    0.13869E+02    0.19884E+00
    0.14149E+02    0.18855E+00
    0.14435E+02    0.17878E+00
    0.14727E+02    0.16951E+00
    0.15024E+02    0.16072E+00
    0.15328E+02    0.15238E+00
    0.15637E+02    0.14446E+00
    0.15953E+02    0.13696E+00
    0.16275E+02    0.12983E+00
    0.16604E+02    0.12308E+00
    0.16940E+02    0.11667E+00
    0.17282E+02    0.11060E+00
    0.17631E+02    0.10483E+00
    0.17987E+02    0.99365E-01
    0.18351E+02    0.94181E-01
    0.18721E+02    0.89264E-01
    0.19099E+02    0.84602E-01
    0.19485E+02    0.80181E-01
    0.19879E+02    0.75988E-01
