    0.10000E-03    0.14263E+03
    0.10202E-03    0.14547E+03
    0.10408E-03    0.14837E+03
    0.10618E-03    0.15133E+03
    0.10833E-03    0.15435E+03
    0.11052E-03    0.15742E+03
    0.11275E-03    0.16056E+03
    0.11503E-03    0.16376E+03
    0.11735E-03    0.16703E+03
    0.11972E-03    0.17036E+03
    0.12214E-03    0.17375E+03
    0.12461E-03    0.17721E+03
    0.12712E-03    0.18075E+03
    0.12969E-03    0.18435E+03
    0.13231E-03    0.18802E+03
    0.13499E-03    0.19177E+03
    0.13771E-03    0.19559E+03
    0.14049E-03    0.19949E+03
    0.14333E-03    0.20347E+03
    0.14623E-03    0.20752E+03
    0.14918E-03    0.21165E+03
    0.15220E-03    0.21587E+03
    0.15527E-03    0.22017E+03
    0.15841E-03    0.22456E+03
    0.16161E-03    0.22904E+03
    0.16487E-03    0.23360E+03
    0.16820E-03    0.23825E+03
    0.17160E-03    0.24300E+03
    0.17507E-03    0.24784E+03
    0.17860E-03    0.25278E+03
    0.18221E-03    0.25782E+03
    0.18589E-03    0.26295E+03
    0.18965E-03    0.26819E+03
    0.19348E-03    0.27353E+03
    0.19739E-03    0.27898E+03
    0.20138E-03    0.28454E+03
    0.20544E-03    0.29021E+03
    0.20959E-03    0.29599E+03
    0.21383E-03    0.30188E+03
    0.21815E-03    0.30789E+03
    0.22255E-03    0.31403E+03
    0.22705E-03    0.32028E+03
    0.23164E-03    0.32666E+03
    0.23632E-03    0.33316E+03
    0.24109E-03    0.33979E+03
    0.24596E-03    0.34656E+03
    0.25093E-03    0.35346E+03
    0.25600E-03    0.36050E+03
    0.26117E-03    0.36767E+03
    0.26645E-03    0.37499E+03
    0.27183E-03    0.38245E+03
    0.27732E-03    0.39007E+03
    0.28292E-03    0.39783E+03
    0.28864E-03    0.40575E+03
    0.29447E-03    0.41382E+03
    0.30042E-03    0.42205E+03
    0.30649E-03    0.43045E+03
    0.31268E-03    0.43901E+03
    0.31899E-03    0.44774E+03
    0.32544E-03    0.45665E+03
    0.33201E-03    0.46573E+03
    0.33872E-03    0.47499E+03
    0.34556E-03    0.48444E+03
    0.35254E-03    0.49407E+03
    0.35966E-03    0.50389E+03
    0.36693E-03    0.51391E+03
    0.37434E-03    0.52412E+03
    0.38190E-03    0.53454E+03
    0.38962E-03    0.54516E+03
    0.39749E-03    0.55599E+03
    0.40552E-03    0.56703E+03
    0.41371E-03    0.57830E+03
    0.42207E-03    0.58978E+03
    0.43060E-03    0.60149E+03
    0.43929E-03    0.61343E+03
    0.44817E-03    0.62561E+03
    0.45722E-03    0.63803E+03
    0.46646E-03    0.65069E+03
    0.47588E-03    0.66360E+03
    0.48550E-03    0.67676E+03
    0.49530E-03    0.69018E+03
    0.50531E-03    0.70387E+03
    0.51552E-03    0.71782E+03
    0.52593E-03    0.73205E+03
    0.53656E-03    0.74656E+03
    0.54739E-03    0.76135E+03
    0.55845E-03    0.77643E+03
    0.56973E-03    0.79180E+03
    0.58124E-03    0.80748E+03
    0.59299E-03    0.82346E+03
    0.60496E-03    0.83975E+03
    0.61719E-03    0.85637E+03
    0.62965E-03    0.87331E+03
    0.64237E-03    0.89057E+03
    0.65535E-03    0.90818E+03
    0.66859E-03    0.92612E+03
    0.68210E-03    0.94442E+03
    0.69588E-03    0.96307E+03
    0.70993E-03    0.98208E+03
    0.72427E-03    0.10015E+04
    0.73891E-03    0.10212E+04
    0.75383E-03    0.10414E+04
    0.76906E-03    0.10619E+04
    0.78460E-03    0.10828E+04
    0.80045E-03    0.11042E+04
    0.81662E-03    0.11259E+04
    0.83311E-03    0.11481E+04
    0.84994E-03    0.11707E+04
    0.86711E-03    0.11937E+04
    0.88463E-03    0.12171E+04
    0.90250E-03    0.12411E+04
    0.92073E-03    0.12655E+04
    0.93933E-03    0.12903E+04
    0.95831E-03    0.13156E+04
    0.97767E-03    0.13414E+04
    0.99742E-03    0.13677E+04
    0.10176E-02    0.13945E+04
    0.10381E-02    0.14219E+04
    0.10591E-02    0.14497E+04
    0.10805E-02    0.14781E+04
    0.11023E-02    0.15070E+04
    0.11246E-02    0.15364E+04
    0.11473E-02    0.15664E+04
    0.11705E-02    0.15970E+04
    0.11941E-02    0.16282E+04
    0.12182E-02    0.16599E+04
    0.12429E-02    0.16923E+04
    0.12680E-02    0.17253E+04
    0.12936E-02    0.17588E+04
    0.13197E-02    0.17931E+04
    0.13464E-02    0.18279E+04
    0.13736E-02    0.18634E+04
    0.14013E-02    0.18996E+04
    0.14296E-02    0.19364E+04
    0.14585E-02    0.19740E+04
    0.14880E-02    0.20122E+04
    0.15180E-02    0.20512E+04
    0.15487E-02    0.20908E+04
    0.15800E-02    0.21312E+04
    0.16119E-02    0.21724E+04
    0.16445E-02    0.22143E+04
    0.16777E-02    0.22569E+04
    0.17116E-02    0.23004E+04
    0.17462E-02    0.23446E+04
    0.17814E-02    0.23897E+04
    0.18174E-02    0.24356E+04
    0.18541E-02    0.24823E+04
    0.18916E-02    0.25298E+04
    0.19298E-02    0.25783E+04
    0.19688E-02    0.26275E+04
    0.20086E-02    0.26777E+04
    0.20491E-02    0.27288E+04
    0.20905E-02    0.27808E+04
    0.21328E-02    0.28337E+04
    0.21758E-02    0.28875E+04
    0.22198E-02    0.29423E+04
    0.22646E-02    0.29981E+04
    0.23104E-02    0.30548E+04
    0.23571E-02    0.31125E+04
    0.24047E-02    0.31712E+04
    0.24533E-02    0.32310E+04
    0.25028E-02    0.32918E+04
    0.25534E-02    0.33536E+04
    0.26050E-02    0.34165E+04
    0.26576E-02    0.34804E+04
    0.27113E-02    0.35454E+04
    0.27660E-02    0.36116E+04
    0.28219E-02    0.36788E+04
    0.28789E-02    0.37472E+04
    0.29371E-02    0.38167E+04
    0.29964E-02    0.38873E+04
    0.30569E-02    0.39591E+04
    0.31187E-02    0.40321E+04
    0.31817E-02    0.41063E+04
    0.32460E-02    0.41816E+04
    0.33115E-02    0.42582E+04
    0.33784E-02    0.43360E+04
    0.34467E-02    0.44150E+04
    0.35163E-02    0.44953E+04
    0.35874E-02    0.45768E+04
    0.36598E-02    0.46596E+04
    0.37338E-02    0.47436E+04
    0.38092E-02    0.48290E+04
    0.38861E-02    0.49156E+04
    0.39646E-02    0.50035E+04
    0.40447E-02    0.50928E+04
    0.41264E-02    0.51833E+04
    0.42098E-02    0.52752E+04
    0.42948E-02    0.53684E+04
    0.43816E-02    0.54630E+04
    0.44701E-02    0.55588E+04
    0.45604E-02    0.56561E+04
    0.46525E-02    0.57546E+04
    0.47465E-02    0.58546E+04
    0.48424E-02    0.59559E+04
    0.49402E-02    0.60585E+04
    0.50400E-02    0.61625E+04
    0.51419E-02    0.62679E+04
    0.52457E-02    0.63746E+04
    0.53517E-02    0.64826E+04
    0.54598E-02    0.65921E+04
    0.55701E-02    0.67028E+04
    0.56826E-02    0.68149E+04
    0.57974E-02    0.69284E+04
    0.59145E-02    0.70431E+04
    0.60340E-02    0.71592E+04
    0.61559E-02    0.72766E+04
    0.62803E-02    0.73953E+04
    0.64072E-02    0.75153E+04
    0.65366E-02    0.76365E+04
    0.66686E-02    0.77590E+04
    0.68033E-02    0.78827E+04
    0.69408E-02    0.80077E+04
    0.70810E-02    0.81338E+04
    0.72240E-02    0.82611E+04
    0.73700E-02    0.83895E+04
    0.75189E-02    0.85190E+04
    0.76708E-02    0.86497E+04
    0.78257E-02    0.87813E+04
    0.79838E-02    0.89141E+04
    0.81451E-02    0.90477E+04
    0.83096E-02    0.91824E+04
    0.84775E-02    0.93179E+04
    0.86488E-02    0.94543E+04
    0.88235E-02    0.95915E+04
    0.90017E-02    0.97295E+04
    0.91836E-02    0.98682E+04
    0.93691E-02    0.10007E+05
    0.95583E-02    0.10147E+05
    0.97514E-02    0.10288E+05
    0.99484E-02    0.10429E+05
    0.10149E-01    0.10570E+05
    0.10354E-01    0.10712E+05
    0.10564E-01    0.10854E+05
    0.10777E-01    0.10996E+05
    0.10995E-01    0.11138E+05
    0.11217E-01    0.11281E+05
    0.11443E-01    0.11423E+05
    0.11675E-01    0.11565E+05
    0.11910E-01    0.11707E+05
    0.12151E-01    0.11848E+05
    0.12397E-01    0.11990E+05
    0.12647E-01    0.12130E+05
    0.12902E-01    0.12270E+05
    0.13163E-01    0.12409E+05
    0.13429E-01    0.12547E+05
    0.13700E-01    0.12684E+05
    0.13977E-01    0.12820E+05
    0.14259E-01    0.12955E+05
    0.14547E-01    0.13089E+05
    0.14841E-01    0.13220E+05
    0.15141E-01    0.13351E+05
    0.15447E-01    0.13479E+05
    0.15759E-01    0.13605E+05
    0.16077E-01    0.13730E+05
    0.16402E-01    0.13852E+05
    0.16734E-01    0.13971E+05
    0.17072E-01    0.14088E+05
    0.17416E-01    0.14202E+05
    0.17768E-01    0.14314E+05
    0.18127E-01    0.14422E+05
    0.18493E-01    0.14527E+05
    0.18867E-01    0.14629E+05
    0.19248E-01    0.14727E+05
    0.19637E-01    0.14821E+05
    0.20034E-01    0.14911E+05
    0.20438E-01    0.14997E+05
    0.20851E-01    0.15079E+05
    0.21272E-01    0.15157E+05
    0.21702E-01    0.15230E+05
    0.22141E-01    0.15298E+05
    0.22588E-01    0.15361E+05
    0.23044E-01    0.15420E+05
    0.23510E-01    0.15473E+05
    0.23985E-01    0.15521E+05
    0.24469E-01    0.15563E+05
    0.24964E-01    0.15600E+05
    0.25468E-01    0.15631E+05
    0.25982E-01    0.15656E+05
    0.26507E-01    0.15675E+05
    0.27043E-01    0.15688E+05
    0.27589E-01    0.15696E+05
    0.28146E-01    0.15697E+05
    0.28715E-01    0.15692E+05
    0.29295E-01    0.15681E+05
    0.29887E-01    0.15664E+05
    0.30490E-01    0.15641E+05
    0.31106E-01    0.15612E+05
    0.31735E-01    0.15577E+05
    0.32376E-01    0.15535E+05
    0.33030E-01    0.15488E+05
    0.33697E-01    0.15436E+05
    0.34378E-01    0.15378E+05
    0.35072E-01    0.15314E+05
    0.35781E-01    0.15246E+05
    0.36504E-01    0.15172E+05
    0.37241E-01    0.15094E+05
    0.37993E-01    0.15011E+05
    0.38761E-01    0.14924E+05
    0.39544E-01    0.14833E+05
    0.40343E-01    0.14738E+05
    0.41158E-01    0.14641E+05
    0.41989E-01    0.14540E+05
    0.42838E-01    0.14437E+05
    0.43703E-01    0.14331E+05
    0.44586E-01    0.14224E+05
    0.45486E-01    0.14114E+05
    0.46405E-01    0.14004E+05
    0.47343E-01    0.13893E+05
    0.48299E-01    0.13781E+05
    0.49275E-01    0.13669E+05
    0.50270E-01    0.13556E+05
    0.51286E-01    0.13444E+05
    0.52322E-01    0.13333E+05
    0.53379E-01    0.13221E+05
    0.54457E-01    0.13111E+05
    0.55557E-01    0.13001E+05
    0.56680E-01    0.12892E+05
    0.57825E-01    0.12783E+05
    0.58993E-01    0.12675E+05
    0.60184E-01    0.12567E+05
    0.61400E-01    0.12459E+05
    0.62641E-01    0.12351E+05
    0.63906E-01    0.12243E+05
    0.65197E-01    0.12133E+05
    0.66514E-01    0.12022E+05
    0.67858E-01    0.11909E+05
    0.69229E-01    0.11793E+05
    0.70627E-01    0.11675E+05
    0.72054E-01    0.11552E+05
    0.73510E-01    0.11425E+05
    0.74994E-01    0.11293E+05
    0.76509E-01    0.11156E+05
    0.78055E-01    0.11013E+05
    0.79632E-01    0.10864E+05
    0.81241E-01    0.10709E+05
    0.82882E-01    0.10547E+05
    0.84556E-01    0.10379E+05
    0.86264E-01    0.10204E+05
    0.88007E-01    0.10024E+05
    0.89785E-01    0.98389E+04
    0.91598E-01    0.96493E+04
    0.93449E-01    0.94563E+04
    0.95337E-01    0.92609E+04
    0.97263E-01    0.90643E+04
    0.99227E-01    0.88679E+04
    0.10123E+00    0.86730E+04
    0.10328E+00    0.84809E+04
    0.10536E+00    0.82929E+04
    0.10749E+00    0.81101E+04
    0.10966E+00    0.79336E+04
    0.11188E+00    0.77643E+04
    0.11414E+00    0.76026E+04
    0.11644E+00    0.74487E+04
    0.11880E+00    0.73027E+04
    0.12120E+00    0.71642E+04
    0.12365E+00    0.70324E+04
    0.12614E+00    0.69062E+04
    0.12869E+00    0.67843E+04
    0.13129E+00    0.66651E+04
    0.13394E+00    0.65470E+04
    0.13665E+00    0.64282E+04
    0.13941E+00    0.63071E+04
    0.14223E+00    0.61822E+04
    0.14510E+00    0.60525E+04
    0.14803E+00    0.59174E+04
    0.15102E+00    0.57766E+04
    0.15407E+00    0.56306E+04
    0.15718E+00    0.54804E+04
    0.16036E+00    0.53273E+04
    0.16360E+00    0.51735E+04
    0.16690E+00    0.50210E+04
    0.17028E+00    0.48720E+04
    0.17371E+00    0.47286E+04
    0.17722E+00    0.45922E+04
    0.18080E+00    0.44642E+04
    0.18446E+00    0.43449E+04
    0.18818E+00    0.42344E+04
    0.19198E+00    0.41315E+04
    0.19586E+00    0.40346E+04
    0.19982E+00    0.39417E+04
    0.20386E+00    0.38505E+04
    0.20797E+00    0.37590E+04
    0.21218E+00    0.36652E+04
    0.21646E+00    0.35679E+04
    0.22083E+00    0.34666E+04
    0.22530E+00    0.33621E+04
    0.22985E+00    0.32555E+04
    0.23449E+00    0.31489E+04
    0.23923E+00    0.30443E+04
    0.24406E+00    0.29440E+04
    0.24899E+00    0.28495E+04
    0.25402E+00    0.27617E+04
    0.25915E+00    0.26804E+04
    0.26439E+00    0.26047E+04
    0.26973E+00    0.25330E+04
    0.27518E+00    0.24631E+04
    0.28074E+00    0.23934E+04
    0.28641E+00    0.23223E+04
    0.29219E+00    0.22494E+04
    0.29810E+00    0.21752E+04
    0.30412E+00    0.21007E+04
    0.31026E+00    0.20276E+04
    0.31653E+00    0.19576E+04
    0.32292E+00    0.18915E+04
    0.32945E+00    0.18299E+04
    0.33610E+00    0.17721E+04
    0.34289E+00    0.17170E+04
    0.34982E+00    0.16632E+04
    0.35689E+00    0.16096E+04
    0.36409E+00    0.15557E+04
    0.37145E+00    0.15016E+04
    0.37895E+00    0.14482E+04
    0.38661E+00    0.13965E+04
    0.39442E+00    0.13472E+04
    0.40239E+00    0.13007E+04
    0.41052E+00    0.12566E+04
    0.41881E+00    0.12141E+04
    0.42727E+00    0.11725E+04
    0.43590E+00    0.11314E+04
    0.44471E+00    0.10907E+04
    0.45369E+00    0.10509E+04
    0.46286E+00    0.10125E+04
    0.47221E+00    0.97587E+03
    0.48174E+00    0.94091E+03
    0.49148E+00    0.90728E+03
    0.50141E+00    0.87456E+03
    0.51153E+00    0.84252E+03
    0.52187E+00    0.81123E+03
    0.53241E+00    0.78092E+03
    0.54317E+00    0.75179E+03
    0.55414E+00    0.72385E+03
    0.56533E+00    0.69694E+03
    0.57675E+00    0.67086E+03
    0.58840E+00    0.64550E+03
    0.60029E+00    0.62093E+03
    0.61242E+00    0.59722E+03
    0.62479E+00    0.57441E+03
    0.63741E+00    0.55245E+03
    0.65029E+00    0.53123E+03
    0.66342E+00    0.51070E+03
    0.67683E+00    0.49086E+03
    0.69050E+00    0.47174E+03
    0.70445E+00    0.45333E+03
    0.71868E+00    0.43559E+03
    0.73320E+00    0.41846E+03
    0.74801E+00    0.40194E+03
    0.76312E+00    0.38602E+03
    0.77854E+00    0.37069E+03
    0.79426E+00    0.35593E+03
    0.81031E+00    0.34169E+03
    0.82668E+00    0.32798E+03
    0.84338E+00    0.31479E+03
    0.86041E+00    0.30208E+03
    0.87780E+00    0.28985E+03
    0.89553E+00    0.27808E+03
    0.91362E+00    0.26675E+03
    0.93208E+00    0.25585E+03
    0.95091E+00    0.24537E+03
    0.97011E+00    0.23529E+03
    0.98971E+00    0.22560E+03
    0.10097E+01    0.21627E+03
    0.10301E+01    0.20731E+03
    0.10509E+01    0.19870E+03
    0.10721E+01    0.19042E+03
    0.10938E+01    0.18246E+03
    0.11159E+01    0.17482E+03
    0.11384E+01    0.16748E+03
    0.11614E+01    0.16043E+03
    0.11849E+01    0.15366E+03
    0.12088E+01    0.14716E+03
    0.12333E+01    0.14091E+03
    0.12582E+01    0.13492E+03
    0.12836E+01    0.12917E+03
    0.13095E+01    0.12365E+03
    0.13360E+01    0.11835E+03
    0.13630E+01    0.11327E+03
    0.13905E+01    0.10840E+03
    0.14186E+01    0.10373E+03
    0.14472E+01    0.99243E+02
    0.14765E+01    0.94944E+02
    0.15063E+01    0.90822E+02
    0.15367E+01    0.86871E+02
    0.15678E+01    0.83083E+02
    0.15994E+01    0.79453E+02
    0.16318E+01    0.75974E+02
    0.16647E+01    0.72641E+02
    0.16984E+01    0.69448E+02
    0.17327E+01    0.66389E+02
    0.17677E+01    0.63458E+02
    0.18034E+01    0.60652E+02
    0.18398E+01    0.57964E+02
    0.18770E+01    0.55391E+02
    0.19149E+01    0.52927E+02
    0.19536E+01    0.50568E+02
    0.19930E+01    0.48311E+02
    0.20333E+01    0.46149E+02
    0.20744E+01    0.44081E+02
    0.21163E+01    0.42103E+02
    0.21590E+01    0.40209E+02
    0.22026E+01    0.38398E+02
    0.22471E+01    0.36665E+02
    0.22925E+01    0.35007E+02
    0.23388E+01    0.33422E+02
    0.23861E+01    0.31906E+02
    0.24343E+01    0.30457E+02
    0.24835E+01    0.29071E+02
    0.25336E+01    0.27746E+02
    0.25848E+01    0.26479E+02
    0.26370E+01    0.25268E+02
    0.26903E+01    0.24111E+02
    0.27447E+01    0.23005E+02
    0.28001E+01    0.21948E+02
    0.28567E+01    0.20938E+02
    0.29144E+01    0.19973E+02
    0.29733E+01    0.19051E+02
    0.30333E+01    0.18171E+02
    0.30946E+01    0.17330E+02
    0.31571E+01    0.16527E+02
    0.32209E+01    0.15759E+02
    0.32860E+01    0.15027E+02
    0.33523E+01    0.14327E+02
    0.34201E+01    0.13660E+02
    0.34892E+01    0.13022E+02
    0.35596E+01    0.12413E+02
    0.36316E+01    0.11832E+02
    0.37049E+01    0.11278E+02
    0.37798E+01    0.10749E+02
    0.38561E+01    0.10244E+02
    0.39340E+01    0.97618E+01
    0.40135E+01    0.93019E+01
    0.40946E+01    0.88632E+01
    0.41773E+01    0.84447E+01
    0.42617E+01    0.80454E+01
    0.43478E+01    0.76645E+01
    0.44356E+01    0.73012E+01
    0.45252E+01    0.69547E+01
    0.46166E+01    0.66243E+01
    0.47099E+01    0.63092E+01
    0.48050E+01    0.60088E+01
    0.49021E+01    0.57223E+01
    0.50011E+01    0.54492E+01
    0.51021E+01    0.51888E+01
    0.52052E+01    0.49406E+01
    0.53104E+01    0.47039E+01
    0.54176E+01    0.44784E+01
    0.55271E+01    0.42635E+01
    0.56387E+01    0.40586E+01
    0.57526E+01    0.38634E+01
    0.58689E+01    0.36774E+01
    0.59874E+01    0.35002E+01
    0.61084E+01    0.33313E+01
    0.62318E+01    0.31704E+01
    0.63577E+01    0.30171E+01
    0.64861E+01    0.28711E+01
    0.66171E+01    0.27320E+01
    0.67508E+01    0.25995E+01
    0.68872E+01    0.24733E+01
    0.70263E+01    0.23532E+01
    0.71682E+01    0.22387E+01
    0.73130E+01    0.21297E+01
    0.74608E+01    0.20260E+01
    0.76115E+01    0.19272E+01
    0.77653E+01    0.18331E+01
    0.79221E+01    0.17435E+01
    0.80822E+01    0.16582E+01
    0.82454E+01    0.15771E+01
    0.84120E+01    0.14998E+01
    0.85819E+01    0.14263E+01
    0.87553E+01    0.13563E+01
    0.89322E+01    0.12896E+01
    0.91126E+01    0.12262E+01
    0.92967E+01    0.11659E+01
    0.94845E+01    0.11085E+01
    0.96761E+01    0.10538E+01
    0.98716E+01    0.10019E+01
    0.10071E+02    0.95239E+00
    0.10274E+02    0.90533E+00
    0.10482E+02    0.86056E+00
    0.10694E+02    0.81797E+00
    0.10910E+02    0.77745E+00
    0.11130E+02    0.73891E+00
    0.11355E+02    0.70226E+00
    0.11584E+02    0.66739E+00
    0.11818E+02    0.63423E+00
    0.12057E+02    0.60270E+00
    0.12301E+02    0.57270E+00
    0.12549E+02    0.54418E+00
    0.12803E+02    0.51706E+00
    0.13061E+02    0.49128E+00
    0.13325E+02    0.46676E+00
    0.13594E+02    0.44344E+00
    0.13869E+02    0.42128E+00
    0.14149E+02    0.40021E+00
    0.14435E+02    0.38018E+00
    0.14727E+02    0.36113E+00
    0.15024E+02    0.34303E+00
    0.15328E+02    0.32583E+00
    0.15637E+02    0.30947E+00
    0.15953E+02    0.29393E+00
    0.16275E+02    0.27915E+00
    0.16604E+02    0.26511E+00
    0.16940E+02    0.25177E+00
    0.17282E+02    0.23909E+00
    0.17631E+02    0.22704E+00
    0.17987E+02    0.21559E+00
    0.18351E+02    0.20472E+00
    0.18721E+02    0.19438E+00
    0.19099E+02    0.18456E+00
    0.19485E+02    0.17523E+00
    0.19879E+02    0.16636E+00
