    0.10000E-03    0.65726E+03
    0.10202E-03    0.67019E+03
    0.10408E-03    0.68339E+03
    0.10618E-03    0.69684E+03
    0.10833E-03    0.71055E+03
    0.11052E-03    0.72454E+03
    0.11275E-03    0.73880E+03
    0.11503E-03    0.75335E+03
    0.11735E-03    0.76818E+03
    0.11972E-03    0.78330E+03
    0.12214E-03    0.79872E+03
    0.12461E-03    0.81444E+03
    0.12712E-03    0.83048E+03
    0.12969E-03    0.84683E+03
    0.13231E-03    0.86350E+03
    0.13499E-03    0.88050E+03
    0.13771E-03    0.89784E+03
    0.14049E-03    0.91552E+03
    0.14333E-03    0.93354E+03
    0.14623E-03    0.95193E+03
    0.14918E-03    0.97067E+03
    0.15220E-03    0.98979E+03
    0.15527E-03    0.10093E+04
    0.15841E-03    0.10292E+04
    0.16161E-03    0.10494E+04
    0.16487E-03    0.10701E+04
    0.16820E-03    0.10912E+04
    0.17160E-03    0.11127E+04
    0.17507E-03    0.11346E+04
    0.17860E-03    0.11569E+04
    0.18221E-03    0.11797E+04
    0.18589E-03    0.12030E+04
    0.18965E-03    0.12267E+04
    0.19348E-03    0.12508E+04
    0.19739E-03    0.12755E+04
    0.20138E-03    0.13006E+04
    0.20544E-03    0.13262E+04
    0.20959E-03    0.13524E+04
    0.21383E-03    0.13790E+04
    0.21815E-03    0.14062E+04
    0.22255E-03    0.14339E+04
    0.22705E-03    0.14622E+04
    0.23164E-03    0.14910E+04
    0.23632E-03    0.15204E+04
    0.24109E-03    0.15504E+04
    0.24596E-03    0.15809E+04
    0.25093E-03    0.16121E+04
    0.25600E-03    0.16439E+04
    0.26117E-03    0.16763E+04
    0.26645E-03    0.17094E+04
    0.27183E-03    0.17431E+04
    0.27732E-03    0.17775E+04
    0.28292E-03    0.18126E+04
    0.28864E-03    0.18483E+04
    0.29447E-03    0.18848E+04
    0.30042E-03    0.19220E+04
    0.30649E-03    0.19599E+04
    0.31268E-03    0.19986E+04
    0.31899E-03    0.20380E+04
    0.32544E-03    0.20783E+04
    0.33201E-03    0.21193E+04
    0.33872E-03    0.21611E+04
    0.34556E-03    0.22038E+04
    0.35254E-03    0.22473E+04
    0.35966E-03    0.22917E+04
    0.36693E-03    0.23370E+04
    0.37434E-03    0.23832E+04
    0.38190E-03    0.24303E+04
    0.38962E-03    0.24783E+04
    0.39749E-03    0.25273E+04
    0.40552E-03    0.25772E+04
    0.41371E-03    0.26281E+04
    0.42207E-03    0.26801E+04
    0.43060E-03    0.27331E+04
    0.43929E-03    0.27871E+04
    0.44817E-03    0.28422E+04
    0.45722E-03    0.28984E+04
    0.46646E-03    0.29558E+04
    0.47588E-03    0.30142E+04
    0.48550E-03    0.30738E+04
    0.49530E-03    0.31347E+04
    0.50531E-03    0.31967E+04
    0.51552E-03    0.32599E+04
    0.52593E-03    0.33244E+04
    0.53656E-03    0.33902E+04
    0.54739E-03    0.34573E+04
    0.55845E-03    0.35257E+04
    0.56973E-03    0.35954E+04
    0.58124E-03    0.36666E+04
    0.59299E-03    0.37391E+04
    0.60496E-03    0.38131E+04
    0.61719E-03    0.38885E+04
    0.62965E-03    0.39655E+04
    0.64237E-03    0.40439E+04
    0.65535E-03    0.41239E+04
    0.66859E-03    0.42054E+04
    0.68210E-03    0.42886E+04
    0.69588E-03    0.43734E+04
    0.70993E-03    0.44598E+04
    0.72427E-03    0.45479E+04
    0.73891E-03    0.46377E+04
    0.75383E-03    0.47293E+04
    0.76906E-03    0.48226E+04
    0.78460E-03    0.49178E+04
    0.80045E-03    0.50147E+04
    0.81662E-03    0.51136E+04
    0.83311E-03    0.52143E+04
    0.84994E-03    0.53170E+04
    0.86711E-03    0.54215E+04
    0.88463E-03    0.55281E+04
    0.90250E-03    0.56367E+04
    0.92073E-03    0.57473E+04
    0.93933E-03    0.58601E+04
    0.95831E-03    0.59749E+04
    0.97767E-03    0.60918E+04
    0.99742E-03    0.62109E+04
    0.10176E-02    0.63322E+04
    0.10381E-02    0.64557E+04
    0.10591E-02    0.65814E+04
    0.10805E-02    0.67094E+04
    0.11023E-02    0.68398E+04
    0.11246E-02    0.69725E+04
    0.11473E-02    0.71075E+04
    0.11705E-02    0.72449E+04
    0.11941E-02    0.73848E+04
    0.12182E-02    0.75271E+04
    0.12429E-02    0.76718E+04
    0.12680E-02    0.78191E+04
    0.12936E-02    0.79689E+04
    0.13197E-02    0.81213E+04
    0.13464E-02    0.82762E+04
    0.13736E-02    0.84338E+04
    0.14013E-02    0.85940E+04
    0.14296E-02    0.87569E+04
    0.14585E-02    0.89224E+04
    0.14880E-02    0.90907E+04
    0.15180E-02    0.92618E+04
    0.15487E-02    0.94356E+04
    0.15800E-02    0.96122E+04
    0.16119E-02    0.97917E+04
    0.16445E-02    0.99740E+04
    0.16777E-02    0.10159E+05
    0.17116E-02    0.10347E+05
    0.17462E-02    0.10538E+05
    0.17814E-02    0.10732E+05
    0.18174E-02    0.10929E+05
    0.18541E-02    0.11129E+05
    0.18916E-02    0.11332E+05
    0.19298E-02    0.11538E+05
    0.19688E-02    0.11747E+05
    0.20086E-02    0.11959E+05
    0.20491E-02    0.12174E+05
    0.20905E-02    0.12393E+05
    0.21328E-02    0.12614E+05
    0.21758E-02    0.12839E+05
    0.22198E-02    0.13066E+05
    0.22646E-02    0.13297E+05
    0.23104E-02    0.13531E+05
    0.23571E-02    0.13769E+05
    0.24047E-02    0.14009E+05
    0.24533E-02    0.14253E+05
    0.25028E-02    0.14500E+05
    0.25534E-02    0.14750E+05
    0.26050E-02    0.15003E+05
    0.26576E-02    0.15260E+05
    0.27113E-02    0.15519E+05
    0.27660E-02    0.15782E+05
    0.28219E-02    0.16049E+05
    0.28789E-02    0.16318E+05
    0.29371E-02    0.16590E+05
    0.29964E-02    0.16866E+05
    0.30569E-02    0.17145E+05
    0.31187E-02    0.17427E+05
    0.31817E-02    0.17712E+05
    0.32460E-02    0.18000E+05
    0.33115E-02    0.18291E+05
    0.33784E-02    0.18586E+05
    0.34467E-02    0.18883E+05
    0.35163E-02    0.19183E+05
    0.35874E-02    0.19486E+05
    0.36598E-02    0.19792E+05
    0.37338E-02    0.20101E+05
    0.38092E-02    0.20412E+05
    0.38861E-02    0.20727E+05
    0.39646E-02    0.21043E+05
    0.40447E-02    0.21363E+05
    0.41264E-02    0.21685E+05
    0.42098E-02    0.22009E+05
    0.42948E-02    0.22336E+05
    0.43816E-02    0.22665E+05
    0.44701E-02    0.22996E+05
    0.45604E-02    0.23330E+05
    0.46525E-02    0.23665E+05
    0.47465E-02    0.24002E+05
    0.48424E-02    0.24341E+05
    0.49402E-02    0.24682E+05
    0.50400E-02    0.25024E+05
    0.51419E-02    0.25368E+05
    0.52457E-02    0.25713E+05
    0.53517E-02    0.26059E+05
    0.54598E-02    0.26406E+05
    0.55701E-02    0.26754E+05
    0.56826E-02    0.27103E+05
    0.57974E-02    0.27452E+05
    0.59145E-02    0.27801E+05
    0.60340E-02    0.28151E+05
    0.61559E-02    0.28501E+05
    0.62803E-02    0.28851E+05
    0.64072E-02    0.29200E+05
    0.65366E-02    0.29548E+05
    0.66686E-02    0.29896E+05
    0.68033E-02    0.30243E+05
    0.69408E-02    0.30589E+05
    0.70810E-02    0.30933E+05
    0.72240E-02    0.31275E+05
    0.73700E-02    0.31615E+05
    0.75189E-02    0.31953E+05
    0.76708E-02    0.32289E+05
    0.78257E-02    0.32621E+05
    0.79838E-02    0.32951E+05
    0.81451E-02    0.33277E+05
    0.83096E-02    0.33599E+05
    0.84775E-02    0.33918E+05
    0.86488E-02    0.34231E+05
    0.88235E-02    0.34541E+05
    0.90017E-02    0.34845E+05
    0.91836E-02    0.35144E+05
    0.93691E-02    0.35437E+05
    0.95583E-02    0.35724E+05
    0.97514E-02    0.36004E+05
    0.99484E-02    0.36278E+05
    0.10149E-01    0.36544E+05
    0.10354E-01    0.36802E+05
    0.10564E-01    0.37053E+05
    0.10777E-01    0.37294E+05
    0.10995E-01    0.37527E+05
    0.11217E-01    0.37750E+05
    0.11443E-01    0.37964E+05
    0.11675E-01    0.38167E+05
    0.11910E-01    0.38359E+05
    0.12151E-01    0.38540E+05
    0.12397E-01    0.38710E+05
    0.12647E-01    0.38867E+05
    0.12902E-01    0.39011E+05
    0.13163E-01    0.39143E+05
    0.13429E-01    0.39260E+05
    0.13700E-01    0.39364E+05
    0.13977E-01    0.39453E+05
    0.14259E-01    0.39527E+05
    0.14547E-01    0.39585E+05
    0.14841E-01    0.39627E+05
    0.15141E-01    0.39653E+05
    0.15447E-01    0.39661E+05
    0.15759E-01    0.39653E+05
    0.16077E-01    0.39626E+05
    0.16402E-01    0.39581E+05
    0.16734E-01    0.39518E+05
    0.17072E-01    0.39435E+05
    0.17416E-01    0.39333E+05
    0.17768E-01    0.39212E+05
    0.18127E-01    0.39070E+05
    0.18493E-01    0.38908E+05
    0.18867E-01    0.38725E+05
    0.19248E-01    0.38522E+05
    0.19637E-01    0.38298E+05
    0.20034E-01    0.38052E+05
    0.20438E-01    0.37786E+05
    0.20851E-01    0.37499E+05
    0.21272E-01    0.37190E+05
    0.21702E-01    0.36861E+05
    0.22141E-01    0.36510E+05
    0.22588E-01    0.36140E+05
    0.23044E-01    0.35749E+05
    0.23510E-01    0.35338E+05
    0.23985E-01    0.34908E+05
    0.24469E-01    0.34459E+05
    0.24964E-01    0.33992E+05
    0.25468E-01    0.33507E+05
    0.25982E-01    0.33005E+05
    0.26507E-01    0.32488E+05
    0.27043E-01    0.31956E+05
    0.27589E-01    0.31409E+05
    0.28146E-01    0.30850E+05
    0.28715E-01    0.30280E+05
    0.29295E-01    0.29699E+05
    0.29887E-01    0.29110E+05
    0.30490E-01    0.28512E+05
    0.31106E-01    0.27909E+05
    0.31735E-01    0.27302E+05
    0.32376E-01    0.26692E+05
    0.33030E-01    0.26080E+05
    0.33697E-01    0.25470E+05
    0.34378E-01    0.24861E+05
    0.35072E-01    0.24256E+05
    0.35781E-01    0.23658E+05
    0.36504E-01    0.23066E+05
    0.37241E-01    0.22484E+05
    0.37993E-01    0.21912E+05
    0.38761E-01    0.21353E+05
    0.39544E-01    0.20807E+05
    0.40343E-01    0.20277E+05
    0.41158E-01    0.19764E+05
    0.41989E-01    0.19268E+05
    0.42838E-01    0.18792E+05
    0.43703E-01    0.18335E+05
    0.44586E-01    0.17900E+05
    0.45486E-01    0.17486E+05
    0.46405E-01    0.17094E+05
    0.47343E-01    0.16725E+05
    0.48299E-01    0.16378E+05
    0.49275E-01    0.16053E+05
    0.50270E-01    0.15750E+05
    0.51286E-01    0.15469E+05
    0.52322E-01    0.15209E+05
    0.53379E-01    0.14968E+05
    0.54457E-01    0.14746E+05
    0.55557E-01    0.14540E+05
    0.56680E-01    0.14349E+05
    0.57825E-01    0.14171E+05
    0.58993E-01    0.14004E+05
    0.60184E-01    0.13845E+05
    0.61400E-01    0.13690E+05
    0.62641E-01    0.13538E+05
    0.63906E-01    0.13385E+05
    0.65197E-01    0.13227E+05
    0.66514E-01    0.13062E+05
    0.67858E-01    0.12886E+05
    0.69229E-01    0.12697E+05
    0.70627E-01    0.12492E+05
    0.72054E-01    0.12267E+05
    0.73510E-01    0.12023E+05
    0.74994E-01    0.11756E+05
    0.76509E-01    0.11467E+05
    0.78055E-01    0.11156E+05
    0.79632E-01    0.10824E+05
    0.81241E-01    0.10472E+05
    0.82882E-01    0.10103E+05
    0.84556E-01    0.97208E+04
    0.86264E-01    0.93295E+04
    0.88007E-01    0.89334E+04
    0.89785E-01    0.85376E+04
    0.91598E-01    0.81475E+04
    0.93449E-01    0.77681E+04
    0.95337E-01    0.74045E+04
    0.97263E-01    0.70612E+04
    0.99227E-01    0.67421E+04
    0.10123E+00    0.64506E+04
    0.10328E+00    0.61890E+04
    0.10536E+00    0.59585E+04
    0.10749E+00    0.57598E+04
    0.10966E+00    0.55920E+04
    0.11188E+00    0.54536E+04
    0.11414E+00    0.53418E+04
    0.11644E+00    0.52526E+04
    0.11880E+00    0.51810E+04
    0.12120E+00    0.51213E+04
    0.12365E+00    0.50676E+04
    0.12614E+00    0.50133E+04
    0.12869E+00    0.49518E+04
    0.13129E+00    0.48768E+04
    0.13394E+00    0.47833E+04
    0.13665E+00    0.46677E+04
    0.13941E+00    0.45286E+04
    0.14223E+00    0.43666E+04
    0.14510E+00    0.41847E+04
    0.14803E+00    0.39875E+04
    0.15102E+00    0.37815E+04
    0.15407E+00    0.35741E+04
    0.15718E+00    0.33731E+04
    0.16036E+00    0.31856E+04
    0.16360E+00    0.30171E+04
    0.16690E+00    0.28718E+04
    0.17028E+00    0.27519E+04
    0.17371E+00    0.26575E+04
    0.17722E+00    0.25862E+04
    0.18080E+00    0.25339E+04
    0.18446E+00    0.24947E+04
    0.18818E+00    0.24618E+04
    0.19198E+00    0.24277E+04
    0.19586E+00    0.23855E+04
    0.19982E+00    0.23297E+04
    0.20386E+00    0.22575E+04
    0.20797E+00    0.21689E+04
    0.21218E+00    0.20669E+04
    0.21646E+00    0.19570E+04
    0.22083E+00    0.18462E+04
    0.22530E+00    0.17414E+04
    0.22985E+00    0.16484E+04
    0.23449E+00    0.15711E+04
    0.23923E+00    0.15104E+04
    0.24406E+00    0.14647E+04
    0.24899E+00    0.14303E+04
    0.25402E+00    0.14016E+04
    0.25915E+00    0.13725E+04
    0.26439E+00    0.13378E+04
    0.26973E+00    0.12941E+04
    0.27518E+00    0.12410E+04
    0.28074E+00    0.11811E+04
    0.28641E+00    0.11186E+04
    0.29219E+00    0.10588E+04
    0.29810E+00    0.10060E+04
    0.30412E+00    0.96246E+03
    0.31026E+00    0.92807E+03
    0.31653E+00    0.90046E+03
    0.32292E+00    0.87582E+03
    0.32945E+00    0.85020E+03
    0.33610E+00    0.82072E+03
    0.34289E+00    0.78671E+03
    0.34982E+00    0.74961E+03
    0.35689E+00    0.71236E+03
    0.36409E+00    0.67798E+03
    0.37145E+00    0.64837E+03
    0.37895E+00    0.62366E+03
    0.38661E+00    0.60233E+03
    0.39442E+00    0.58201E+03
    0.40239E+00    0.56064E+03
    0.41052E+00    0.53741E+03
    0.41881E+00    0.51301E+03
    0.42727E+00    0.48903E+03
    0.43590E+00    0.46706E+03
    0.44471E+00    0.44771E+03
    0.45369E+00    0.43050E+03
    0.46286E+00    0.41421E+03
    0.47221E+00    0.39772E+03
    0.48174E+00    0.38070E+03
    0.49148E+00    0.36365E+03
    0.50141E+00    0.34743E+03
    0.51153E+00    0.33257E+03
    0.52187E+00    0.31895E+03
    0.53241E+00    0.30602E+03
    0.54317E+00    0.29323E+03
    0.55414E+00    0.28048E+03
    0.56533E+00    0.26808E+03
    0.57675E+00    0.25638E+03
    0.58840E+00    0.24547E+03
    0.60029E+00    0.23512E+03
    0.61242E+00    0.22506E+03
    0.62479E+00    0.21522E+03
    0.63741E+00    0.20574E+03
    0.65029E+00    0.19676E+03
    0.66342E+00    0.18825E+03
    0.67683E+00    0.18009E+03
    0.69050E+00    0.17220E+03
    0.70445E+00    0.16460E+03
    0.71868E+00    0.15734E+03
    0.73320E+00    0.15043E+03
    0.74801E+00    0.14381E+03
    0.76312E+00    0.13745E+03
    0.77854E+00    0.13134E+03
    0.79426E+00    0.12551E+03
    0.81031E+00    0.11993E+03
    0.82668E+00    0.11459E+03
    0.84338E+00    0.10947E+03
    0.86041E+00    0.10457E+03
    0.87780E+00    0.99884E+02
    0.89553E+00    0.95400E+02
    0.91362E+00    0.91107E+02
    0.93208E+00    0.87000E+02
    0.95091E+00    0.83074E+02
    0.97011E+00    0.79318E+02
    0.98971E+00    0.75725E+02
    0.10097E+01    0.72289E+02
    0.10301E+01    0.69004E+02
    0.10509E+01    0.65862E+02
    0.10721E+01    0.62859E+02
    0.10938E+01    0.59987E+02
    0.11159E+01    0.57243E+02
    0.11384E+01    0.54620E+02
    0.11614E+01    0.52113E+02
    0.11849E+01    0.49718E+02
    0.12088E+01    0.47429E+02
    0.12333E+01    0.45242E+02
    0.12582E+01    0.43153E+02
    0.12836E+01    0.41158E+02
    0.13095E+01    0.39252E+02
    0.13360E+01    0.37431E+02
    0.13630E+01    0.35692E+02
    0.13905E+01    0.34032E+02
    0.14186E+01    0.32447E+02
    0.14472E+01    0.30933E+02
    0.14765E+01    0.29488E+02
    0.15063E+01    0.28109E+02
    0.15367E+01    0.26793E+02
    0.15678E+01    0.25536E+02
    0.15994E+01    0.24337E+02
    0.16318E+01    0.23192E+02
    0.16647E+01    0.22100E+02
    0.16984E+01    0.21058E+02
    0.17327E+01    0.20064E+02
    0.17677E+01    0.19116E+02
    0.18034E+01    0.18211E+02
    0.18398E+01    0.17348E+02
    0.18770E+01    0.16525E+02
    0.19149E+01    0.15740E+02
    0.19536E+01    0.14991E+02
    0.19930E+01    0.14278E+02
    0.20333E+01    0.13597E+02
    0.20744E+01    0.12948E+02
    0.21163E+01    0.12329E+02
    0.21590E+01    0.11739E+02
    0.22026E+01    0.11177E+02
    0.22471E+01    0.10641E+02
    0.22925E+01    0.10130E+02
    0.23388E+01    0.96436E+01
    0.23861E+01    0.91797E+01
    0.24343E+01    0.87376E+01
    0.24835E+01    0.83163E+01
    0.25336E+01    0.79150E+01
    0.25848E+01    0.75325E+01
    0.26370E+01    0.71683E+01
    0.26903E+01    0.68212E+01
    0.27447E+01    0.64906E+01
    0.28001E+01    0.61757E+01
    0.28567E+01    0.58758E+01
    0.29144E+01    0.55902E+01
    0.29733E+01    0.53182E+01
    0.30333E+01    0.50592E+01
    0.30946E+01    0.48125E+01
    0.31571E+01    0.45777E+01
    0.32209E+01    0.43541E+01
    0.32860E+01    0.41412E+01
    0.33523E+01    0.39385E+01
    0.34201E+01    0.37456E+01
    0.34892E+01    0.35620E+01
    0.35596E+01    0.33872E+01
    0.36316E+01    0.32208E+01
    0.37049E+01    0.30625E+01
    0.37798E+01    0.29118E+01
    0.38561E+01    0.27684E+01
    0.39340E+01    0.26319E+01
    0.40135E+01    0.25021E+01
    0.40946E+01    0.23785E+01
    0.41773E+01    0.22610E+01
    0.42617E+01    0.21492E+01
    0.43478E+01    0.20428E+01
    0.44356E+01    0.19416E+01
    0.45252E+01    0.18453E+01
    0.46166E+01    0.17537E+01
    0.47099E+01    0.16666E+01
    0.48050E+01    0.15838E+01
    0.49021E+01    0.15050E+01
    0.50011E+01    0.14301E+01
    0.51021E+01    0.13588E+01
    0.52052E+01    0.12911E+01
    0.53104E+01    0.12267E+01
    0.54176E+01    0.11654E+01
    0.55271E+01    0.11072E+01
    0.56387E+01    0.10518E+01
    0.57526E+01    0.99916E+00
    0.58689E+01    0.94912E+00
    0.59874E+01    0.90155E+00
    0.61084E+01    0.85633E+00
    0.62318E+01    0.81335E+00
    0.63577E+01    0.77250E+00
    0.64861E+01    0.73367E+00
    0.66171E+01    0.69676E+00
    0.67508E+01    0.66169E+00
    0.68872E+01    0.62836E+00
    0.70263E+01    0.59669E+00
    0.71682E+01    0.56660E+00
    0.73130E+01    0.53800E+00
    0.74608E+01    0.51083E+00
    0.76115E+01    0.48501E+00
    0.77653E+01    0.46048E+00
    0.79221E+01    0.43718E+00
    0.80822E+01    0.41504E+00
    0.82454E+01    0.39401E+00
    0.84120E+01    0.37403E+00
    0.85819E+01    0.35505E+00
    0.87553E+01    0.33703E+00
    0.89322E+01    0.31991E+00
    0.91126E+01    0.30365E+00
    0.92967E+01    0.28820E+00
    0.94845E+01    0.27353E+00
    0.96761E+01    0.25960E+00
    0.98716E+01    0.24638E+00
    0.10071E+02    0.23382E+00
    0.10274E+02    0.22189E+00
    0.10482E+02    0.21056E+00
    0.10694E+02    0.19981E+00
    0.10910E+02    0.18959E+00
    0.11130E+02    0.17990E+00
    0.11355E+02    0.17070E+00
    0.11584E+02    0.16196E+00
    0.11818E+02    0.15366E+00
    0.12057E+02    0.14579E+00
    0.12301E+02    0.13831E+00
    0.12549E+02    0.13121E+00
    0.12803E+02    0.12448E+00
    0.13061E+02    0.11808E+00
    0.13325E+02    0.11201E+00
    0.13594E+02    0.10626E+00
    0.13869E+02    0.10079E+00
    0.14149E+02    0.95601E-01
    0.14435E+02    0.90677E-01
    0.14727E+02    0.86004E-01
    0.15024E+02    0.81570E-01
    0.15328E+02    0.77363E-01
    0.15637E+02    0.73370E-01
    0.15953E+02    0.69582E-01
    0.16275E+02    0.65987E-01
    0.16604E+02    0.62576E-01
    0.16940E+02    0.59340E-01
    0.17282E+02    0.56270E-01
    0.17631E+02    0.53357E-01
    0.17987E+02    0.50593E-01
    0.18351E+02    0.47971E-01
    0.18721E+02    0.45484E-01
    0.19099E+02    0.43125E-01
    0.19485E+02    0.40887E-01
    0.19879E+02    0.38764E-01
