    0.10000E-03    0.89043E+02
    0.10202E-03    0.90594E+02
    0.10408E-03    0.92173E+02
    0.10618E-03    0.93779E+02
    0.10833E-03    0.95413E+02
    0.11052E-03    0.97076E+02
    0.11275E-03    0.98767E+02
    0.11503E-03    0.10049E+03
    0.11735E-03    0.10224E+03
    0.11972E-03    0.10402E+03
    0.12214E-03    0.10583E+03
    0.12461E-03    0.10768E+03
    0.12712E-03    0.10955E+03
    0.12969E-03    0.11146E+03
    0.13231E-03    0.11340E+03
    0.13499E-03    0.11538E+03
    0.13771E-03    0.11739E+03
    0.14049E-03    0.11943E+03
    0.14333E-03    0.12151E+03
    0.14623E-03    0.12362E+03
    0.14918E-03    0.12578E+03
    0.15220E-03    0.12797E+03
    0.15527E-03    0.13019E+03
    0.15841E-03    0.13246E+03
    0.16161E-03    0.13477E+03
    0.16487E-03    0.13711E+03
    0.16820E-03    0.13950E+03
    0.17160E-03    0.14193E+03
    0.17507E-03    0.14439E+03
    0.17860E-03    0.14691E+03
    0.18221E-03    0.14946E+03
    0.18589E-03    0.15206E+03
    0.18965E-03    0.15471E+03
    0.19348E-03    0.15740E+03
    0.19739E-03    0.16013E+03
    0.20138E-03    0.16292E+03
    0.20544E-03    0.16575E+03
    0.20959E-03    0.16863E+03
    0.21383E-03    0.17156E+03
    0.21815E-03    0.17454E+03
    0.22255E-03    0.17758E+03
    0.22705E-03    0.18066E+03
    0.23164E-03    0.18380E+03
    0.23632E-03    0.18699E+03
    0.24109E-03    0.19024E+03
    0.24596E-03    0.19354E+03
    0.25093E-03    0.19690E+03
    0.25600E-03    0.20032E+03
    0.26117E-03    0.20380E+03
    0.26645E-03    0.20733E+03
    0.27183E-03    0.21093E+03
    0.27732E-03    0.21459E+03
    0.28292E-03    0.21831E+03
    0.28864E-03    0.22209E+03
    0.29447E-03    0.22594E+03
    0.30042E-03    0.22985E+03
    0.30649E-03    0.23383E+03
    0.31268E-03    0.23788E+03
    0.31899E-03    0.24200E+03
    0.32544E-03    0.24619E+03
    0.33201E-03    0.25045E+03
    0.33872E-03    0.25478E+03
    0.34556E-03    0.25919E+03
    0.35254E-03    0.26367E+03
    0.35966E-03    0.26822E+03
    0.36693E-03    0.27286E+03
    0.37434E-03    0.27757E+03
    0.38190E-03    0.28236E+03
    0.38962E-03    0.28723E+03
    0.39749E-03    0.29219E+03
    0.40552E-03    0.29723E+03
    0.41371E-03    0.30235E+03
    0.42207E-03    0.30756E+03
    0.43060E-03    0.31285E+03
    0.43929E-03    0.31824E+03
    0.44817E-03    0.32371E+03
    0.45722E-03    0.32928E+03
    0.46646E-03    0.33494E+03
    0.47588E-03    0.34069E+03
    0.48550E-03    0.34654E+03
    0.49530E-03    0.35249E+03
    0.50531E-03    0.35854E+03
    0.51552E-03    0.36468E+03
    0.52593E-03    0.37093E+03
    0.53656E-03    0.37728E+03
    0.54739E-03    0.38374E+03
    0.55845E-03    0.39030E+03
    0.56973E-03    0.39698E+03
    0.58124E-03    0.40376E+03
    0.59299E-03    0.41065E+03
    0.60496E-03    0.41765E+03
    0.61719E-03    0.42477E+03
    0.62965E-03    0.43201E+03
    0.64237E-03    0.43937E+03
    0.65535E-03    0.44684E+03
    0.66859E-03    0.45444E+03
    0.68210E-03    0.46216E+03
    0.69588E-03    0.47000E+03
    0.70993E-03    0.47798E+03
    0.72427E-03    0.48608E+03
    0.73891E-03    0.49431E+03
    0.75383E-03    0.50268E+03
    0.76906E-03    0.51118E+03
    0.78460E-03    0.51982E+03
    0.80045E-03    0.52860E+03
    0.81662E-03    0.53752E+03
    0.83311E-03    0.54658E+03
    0.84994E-03    0.55579E+03
    0.86711E-03    0.56514E+03
    0.88463E-03    0.57465E+03
    0.90250E-03    0.58431E+03
    0.92073E-03    0.59412E+03
    0.93933E-03    0.60410E+03
    0.95831E-03    0.61423E+03
    0.97767E-03    0.62452E+03
    0.99742E-03    0.63498E+03
    0.10176E-02    0.64561E+03
    0.10381E-02    0.65641E+03
    0.10591E-02    0.66738E+03
    0.10805E-02    0.67853E+03
    0.11023E-02    0.68985E+03
    0.11246E-02    0.70136E+03
    0.11473E-02    0.71305E+03
    0.11705E-02    0.72493E+03
    0.11941E-02    0.73700E+03
    0.12182E-02    0.74927E+03
    0.12429E-02    0.76173E+03
    0.12680E-02    0.77439E+03
    0.12936E-02    0.78726E+03
    0.13197E-02    0.80033E+03
    0.13464E-02    0.81361E+03
    0.13736E-02    0.82711E+03
    0.14013E-02    0.84083E+03
    0.14296E-02    0.85476E+03
    0.14585E-02    0.86892E+03
    0.14880E-02    0.88330E+03
    0.15180E-02    0.89792E+03
    0.15487E-02    0.91277E+03
    0.15800E-02    0.92786E+03
    0.16119E-02    0.94319E+03
    0.16445E-02    0.95877E+03
    0.16777E-02    0.97460E+03
    0.17116E-02    0.99068E+03
    0.17462E-02    0.10070E+04
    0.17814E-02    0.10236E+04
    0.18174E-02    0.10405E+04
    0.18541E-02    0.10576E+04
    0.18916E-02    0.10750E+04
    0.19298E-02    0.10927E+04
    0.19688E-02    0.11106E+04
    0.20086E-02    0.11288E+04
    0.20491E-02    0.11474E+04
    0.20905E-02    0.11662E+04
    0.21328E-02    0.11852E+04
    0.21758E-02    0.12046E+04
    0.22198E-02    0.12243E+04
    0.22646E-02    0.12443E+04
    0.23104E-02    0.12646E+04
    0.23571E-02    0.12852E+04
    0.24047E-02    0.13062E+04
    0.24533E-02    0.13274E+04
    0.25028E-02    0.13490E+04
    0.25534E-02    0.13708E+04
    0.26050E-02    0.13930E+04
    0.26576E-02    0.14156E+04
    0.27113E-02    0.14384E+04
    0.27660E-02    0.14617E+04
    0.28219E-02    0.14852E+04
    0.28789E-02    0.15091E+04
    0.29371E-02    0.15333E+04
    0.29964E-02    0.15579E+04
    0.30569E-02    0.15828E+04
    0.31187E-02    0.16081E+04
    0.31817E-02    0.16337E+04
    0.32460E-02    0.16597E+04
    0.33115E-02    0.16861E+04
    0.33784E-02    0.17128E+04
    0.34467E-02    0.17399E+04
    0.35163E-02    0.17674E+04
    0.35874E-02    0.17952E+04
    0.36598E-02    0.18234E+04
    0.37338E-02    0.18519E+04
    0.38092E-02    0.18809E+04
    0.38861E-02    0.19102E+04
    0.39646E-02    0.19399E+04
    0.40447E-02    0.19699E+04
    0.41264E-02    0.20004E+04
    0.42098E-02    0.20312E+04
    0.42948E-02    0.20624E+04
    0.43816E-02    0.20940E+04
    0.44701E-02    0.21259E+04
    0.45604E-02    0.21583E+04
    0.46525E-02    0.21910E+04
    0.47465E-02    0.22241E+04
    0.48424E-02    0.22575E+04
    0.49402E-02    0.22914E+04
    0.50400E-02    0.23256E+04
    0.51419E-02    0.23602E+04
    0.52457E-02    0.23951E+04
    0.53517E-02    0.24304E+04
    0.54598E-02    0.24661E+04
    0.55701E-02    0.25022E+04
    0.56826E-02    0.25386E+04
    0.57974E-02    0.25753E+04
    0.59145E-02    0.26124E+04
    0.60340E-02    0.26499E+04
    0.61559E-02    0.26877E+04
    0.62803E-02    0.27258E+04
    0.64072E-02    0.27643E+04
    0.65366E-02    0.28030E+04
    0.66686E-02    0.28421E+04
    0.68033E-02    0.28815E+04
    0.69408E-02    0.29212E+04
    0.70810E-02    0.29612E+04
    0.72240E-02    0.30014E+04
    0.73700E-02    0.30419E+04
    0.75189E-02    0.30827E+04
    0.76708E-02    0.31238E+04
    0.78257E-02    0.31650E+04
    0.79838E-02    0.32065E+04
    0.81451E-02    0.32482E+04
    0.83096E-02    0.32902E+04
    0.84775E-02    0.33322E+04
    0.86488E-02    0.33745E+04
    0.88235E-02    0.34169E+04
    0.90017E-02    0.34595E+04
    0.91836E-02    0.35021E+04
    0.93691E-02    0.35449E+04
    0.95583E-02    0.35878E+04
    0.97514E-02    0.36307E+04
    0.99484E-02    0.36736E+04
    0.10149E-01    0.37166E+04
    0.10354E-01    0.37596E+04
    0.10564E-01    0.38025E+04
    0.10777E-01    0.38454E+04
    0.10995E-01    0.38882E+04
    0.11217E-01    0.39310E+04
    0.11443E-01    0.39736E+04
    0.11675E-01    0.40160E+04
    0.11910E-01    0.40582E+04
    0.12151E-01    0.41003E+04
    0.12397E-01    0.41421E+04
    0.12647E-01    0.41836E+04
    0.12902E-01    0.42248E+04
    0.13163E-01    0.42656E+04
    0.13429E-01    0.43061E+04
    0.13700E-01    0.43462E+04
    0.13977E-01    0.43858E+04
    0.14259E-01    0.44249E+04
    0.14547E-01    0.44635E+04
    0.14841E-01    0.45015E+04
    0.15141E-01    0.45389E+04
    0.15447E-01    0.45757E+04
    0.15759E-01    0.46118E+04
    0.16077E-01    0.46471E+04
    0.16402E-01    0.46817E+04
    0.16734E-01    0.47154E+04
    0.17072E-01    0.47483E+04
    0.17416E-01    0.47803E+04
    0.17768E-01    0.48113E+04
    0.18127E-01    0.48414E+04
    0.18493E-01    0.48704E+04
    0.18867E-01    0.48983E+04
    0.19248E-01    0.49251E+04
    0.19637E-01    0.49507E+04
    0.20034E-01    0.49751E+04
    0.20438E-01    0.49982E+04
    0.20851E-01    0.50200E+04
    0.21272E-01    0.50405E+04
    0.21702E-01    0.50596E+04
    0.22141E-01    0.50773E+04
    0.22588E-01    0.50935E+04
    0.23044E-01    0.51083E+04
    0.23510E-01    0.51215E+04
    0.23985E-01    0.51331E+04
    0.24469E-01    0.51432E+04
    0.24964E-01    0.51516E+04
    0.25468E-01    0.51584E+04
    0.25982E-01    0.51636E+04
    0.26507E-01    0.51671E+04
    0.27043E-01    0.51689E+04
    0.27589E-01    0.51691E+04
    0.28146E-01    0.51675E+04
    0.28715E-01    0.51643E+04
    0.29295E-01    0.51593E+04
    0.29887E-01    0.51527E+04
    0.30490E-01    0.51445E+04
    0.31106E-01    0.51345E+04
    0.31735E-01    0.51230E+04
    0.32376E-01    0.51099E+04
    0.33030E-01    0.50952E+04
    0.33697E-01    0.50790E+04
    0.34378E-01    0.50614E+04
    0.35072E-01    0.50423E+04
    0.35781E-01    0.50218E+04
    0.36504E-01    0.50001E+04
    0.37241E-01    0.49771E+04
    0.37993E-01    0.49529E+04
    0.38761E-01    0.49276E+04
    0.39544E-01    0.49012E+04
    0.40343E-01    0.48739E+04
    0.41158E-01    0.48456E+04
    0.41989E-01    0.48165E+04
    0.42838E-01    0.47867E+04
    0.43703E-01    0.47561E+04
    0.44586E-01    0.47249E+04
    0.45486E-01    0.46932E+04
    0.46405E-01    0.46609E+04
    0.47343E-01    0.46282E+04
    0.48299E-01    0.45950E+04
    0.49275E-01    0.45615E+04
    0.50270E-01    0.45276E+04
    0.51286E-01    0.44933E+04
    0.52322E-01    0.44587E+04
    0.53379E-01    0.44237E+04
    0.54457E-01    0.43884E+04
    0.55557E-01    0.43526E+04
    0.56680E-01    0.43164E+04
    0.57825E-01    0.42797E+04
    0.58993E-01    0.42424E+04
    0.60184E-01    0.42044E+04
    0.61400E-01    0.41657E+04
    0.62641E-01    0.41261E+04
    0.63906E-01    0.40855E+04
    0.65197E-01    0.40439E+04
    0.66514E-01    0.40010E+04
    0.67858E-01    0.39570E+04
    0.69229E-01    0.39115E+04
    0.70627E-01    0.38646E+04
    0.72054E-01    0.38162E+04
    0.73510E-01    0.37662E+04
    0.74994E-01    0.37147E+04
    0.76509E-01    0.36617E+04
    0.78055E-01    0.36071E+04
    0.79632E-01    0.35511E+04
    0.81241E-01    0.34938E+04
    0.82882E-01    0.34353E+04
    0.84556E-01    0.33759E+04
    0.86264E-01    0.33158E+04
    0.88007E-01    0.32551E+04
    0.89785E-01    0.31942E+04
    0.91598E-01    0.31333E+04
    0.93449E-01    0.30728E+04
    0.95337E-01    0.30130E+04
    0.97263E-01    0.29540E+04
    0.99227E-01    0.28961E+04
    0.10123E+00    0.28396E+04
    0.10328E+00    0.27845E+04
    0.10536E+00    0.27310E+04
    0.10749E+00    0.26791E+04
    0.10966E+00    0.26287E+04
    0.11188E+00    0.25798E+04
    0.11414E+00    0.25322E+04
    0.11644E+00    0.24856E+04
    0.11880E+00    0.24397E+04
    0.12120E+00    0.23942E+04
    0.12365E+00    0.23488E+04
    0.12614E+00    0.23032E+04
    0.12869E+00    0.22571E+04
    0.13129E+00    0.22102E+04
    0.13394E+00    0.21624E+04
    0.13665E+00    0.21136E+04
    0.13941E+00    0.20639E+04
    0.14223E+00    0.20134E+04
    0.14510E+00    0.19625E+04
    0.14803E+00    0.19114E+04
    0.15102E+00    0.18607E+04
    0.15407E+00    0.18107E+04
    0.15718E+00    0.17619E+04
    0.16036E+00    0.17146E+04
    0.16360E+00    0.16692E+04
    0.16690E+00    0.16257E+04
    0.17028E+00    0.15843E+04
    0.17371E+00    0.15446E+04
    0.17722E+00    0.15066E+04
    0.18080E+00    0.14698E+04
    0.18446E+00    0.14337E+04
    0.18818E+00    0.13981E+04
    0.19198E+00    0.13624E+04
    0.19586E+00    0.13263E+04
    0.19982E+00    0.12898E+04
    0.20386E+00    0.12529E+04
    0.20797E+00    0.12158E+04
    0.21218E+00    0.11788E+04
    0.21646E+00    0.11424E+04
    0.22083E+00    0.11070E+04
    0.22530E+00    0.10729E+04
    0.22985E+00    0.10404E+04
    0.23449E+00    0.10094E+04
    0.23923E+00    0.97989E+03
    0.24406E+00    0.95157E+03
    0.24899E+00    0.92407E+03
    0.25402E+00    0.89703E+03
    0.25915E+00    0.87014E+03
    0.26439E+00    0.84324E+03
    0.26973E+00    0.81635E+03
    0.27518E+00    0.78966E+03
    0.28074E+00    0.76341E+03
    0.28641E+00    0.73792E+03
    0.29219E+00    0.71342E+03
    0.29810E+00    0.69002E+03
    0.30412E+00    0.66767E+03
    0.31026E+00    0.64617E+03
    0.31653E+00    0.62531E+03
    0.32292E+00    0.60485E+03
    0.32945E+00    0.58464E+03
    0.33610E+00    0.56468E+03
    0.34289E+00    0.54507E+03
    0.34982E+00    0.52597E+03
    0.35689E+00    0.50754E+03
    0.36409E+00    0.48985E+03
    0.37145E+00    0.47288E+03
    0.37895E+00    0.45650E+03
    0.38661E+00    0.44059E+03
    0.39442E+00    0.42503E+03
    0.40239E+00    0.40981E+03
    0.41052E+00    0.39496E+03
    0.41881E+00    0.38057E+03
    0.42727E+00    0.36670E+03
    0.43590E+00    0.35336E+03
    0.44471E+00    0.34048E+03
    0.45369E+00    0.32802E+03
    0.46286E+00    0.31590E+03
    0.47221E+00    0.30412E+03
    0.48174E+00    0.29270E+03
    0.49148E+00    0.28168E+03
    0.50141E+00    0.27105E+03
    0.51153E+00    0.26080E+03
    0.52187E+00    0.25089E+03
    0.53241E+00    0.24130E+03
    0.54317E+00    0.23202E+03
    0.55414E+00    0.22305E+03
    0.56533E+00    0.21440E+03
    0.57675E+00    0.20607E+03
    0.58840E+00    0.19802E+03
    0.60029E+00    0.19025E+03
    0.61242E+00    0.18275E+03
    0.62479E+00    0.17552E+03
    0.63741E+00    0.16855E+03
    0.65029E+00    0.16184E+03
    0.66342E+00    0.15536E+03
    0.67683E+00    0.14912E+03
    0.69050E+00    0.14311E+03
    0.70445E+00    0.13732E+03
    0.71868E+00    0.13174E+03
    0.73320E+00    0.12637E+03
    0.74801E+00    0.12120E+03
    0.76312E+00    0.11623E+03
    0.77854E+00    0.11144E+03
    0.79426E+00    0.10683E+03
    0.81031E+00    0.10240E+03
    0.82668E+00    0.98144E+02
    0.84338E+00    0.94048E+02
    0.86041E+00    0.90110E+02
    0.87780E+00    0.86326E+02
    0.89553E+00    0.82688E+02
    0.91362E+00    0.79194E+02
    0.93208E+00    0.75836E+02
    0.95091E+00    0.72611E+02
    0.97011E+00    0.69514E+02
    0.98971E+00    0.66541E+02
    0.10097E+01    0.63686E+02
    0.10301E+01    0.60946E+02
    0.10509E+01    0.58317E+02
    0.10721E+01    0.55794E+02
    0.10938E+01    0.53374E+02
    0.11159E+01    0.51052E+02
    0.11384E+01    0.48826E+02
    0.11614E+01    0.46690E+02
    0.11849E+01    0.44643E+02
    0.12088E+01    0.42681E+02
    0.12333E+01    0.40800E+02
    0.12582E+01    0.38997E+02
    0.12836E+01    0.37270E+02
    0.13095E+01    0.35615E+02
    0.13360E+01    0.34030E+02
    0.13630E+01    0.32512E+02
    0.13905E+01    0.31058E+02
    0.14186E+01    0.29666E+02
    0.14472E+01    0.28333E+02
    0.14765E+01    0.27057E+02
    0.15063E+01    0.25836E+02
    0.15367E+01    0.24668E+02
    0.15678E+01    0.23549E+02
    0.15994E+01    0.22480E+02
    0.16318E+01    0.21456E+02
    0.16647E+01    0.20477E+02
    0.16984E+01    0.19541E+02
    0.17327E+01    0.18646E+02
    0.17677E+01    0.17790E+02
    0.18034E+01    0.16972E+02
    0.18398E+01    0.16190E+02
    0.18770E+01    0.15442E+02
    0.19149E+01    0.14727E+02
    0.19536E+01    0.14045E+02
    0.19930E+01    0.13392E+02
    0.20333E+01    0.12769E+02
    0.20744E+01    0.12174E+02
    0.21163E+01    0.11605E+02
    0.21590E+01    0.11062E+02
    0.22026E+01    0.10544E+02
    0.22471E+01    0.10049E+02
    0.22925E+01    0.95759E+01
    0.23388E+01    0.91247E+01
    0.23861E+01    0.86940E+01
    0.24343E+01    0.82829E+01
    0.24835E+01    0.78906E+01
    0.25336E+01    0.75163E+01
    0.25848E+01    0.71591E+01
    0.26370E+01    0.68184E+01
    0.26903E+01    0.64933E+01
    0.27447E+01    0.61833E+01
    0.28001E+01    0.58876E+01
    0.28567E+01    0.56056E+01
    0.29144E+01    0.53367E+01
    0.29733E+01    0.50803E+01
    0.30333E+01    0.48359E+01
    0.30946E+01    0.46029E+01
    0.31571E+01    0.43807E+01
    0.32209E+01    0.41690E+01
    0.32860E+01    0.39673E+01
    0.33523E+01    0.37750E+01
    0.34201E+01    0.35918E+01
    0.34892E+01    0.34172E+01
    0.35596E+01    0.32509E+01
    0.36316E+01    0.30925E+01
    0.37049E+01    0.29416E+01
    0.37798E+01    0.27978E+01
    0.38561E+01    0.26610E+01
    0.39340E+01    0.25306E+01
    0.40135E+01    0.24064E+01
    0.40946E+01    0.22882E+01
    0.41773E+01    0.21757E+01
    0.42617E+01    0.20686E+01
    0.43478E+01    0.19666E+01
    0.44356E+01    0.18695E+01
    0.45252E+01    0.17771E+01
    0.46166E+01    0.16892E+01
    0.47099E+01    0.16055E+01
    0.48050E+01    0.15259E+01
    0.49021E+01    0.14501E+01
    0.50011E+01    0.13780E+01
    0.51021E+01    0.13094E+01
    0.52052E+01    0.12442E+01
    0.53104E+01    0.11821E+01
    0.54176E+01    0.11231E+01
    0.55271E+01    0.10669E+01
    0.56387E+01    0.10135E+01
    0.57526E+01    0.96273E+00
    0.58689E+01    0.91445E+00
    0.59874E+01    0.86853E+00
    0.61084E+01    0.82488E+00
    0.62318E+01    0.78337E+00
    0.63577E+01    0.74392E+00
    0.64861E+01    0.70641E+00
    0.66171E+01    0.67076E+00
    0.67508E+01    0.63688E+00
    0.68872E+01    0.60467E+00
    0.70263E+01    0.57406E+00
    0.71682E+01    0.54498E+00
    0.73130E+01    0.51734E+00
    0.74608E+01    0.49108E+00
    0.76115E+01    0.46612E+00
    0.77653E+01    0.44242E+00
    0.79221E+01    0.41989E+00
    0.80822E+01    0.39850E+00
    0.82454E+01    0.37818E+00
    0.84120E+01    0.35887E+00
    0.85819E+01    0.34054E+00
    0.87553E+01    0.32312E+00
    0.89322E+01    0.30658E+00
    0.91126E+01    0.29088E+00
    0.92967E+01    0.27597E+00
    0.94845E+01    0.26181E+00
    0.96761E+01    0.24836E+00
    0.98716E+01    0.23559E+00
    0.10071E+02    0.22347E+00
    0.10274E+02    0.21197E+00
    0.10482E+02    0.20105E+00
    0.10694E+02    0.19068E+00
    0.10910E+02    0.18084E+00
    0.11130E+02    0.17150E+00
    0.11355E+02    0.16263E+00
    0.11584E+02    0.15422E+00
    0.11818E+02    0.14624E+00
    0.12057E+02    0.13866E+00
    0.12301E+02    0.13147E+00
    0.12549E+02    0.12465E+00
    0.12803E+02    0.11817E+00
    0.13061E+02    0.11203E+00
    0.13325E+02    0.10621E+00
    0.13594E+02    0.10068E+00
    0.13869E+02    0.95435E-01
    0.14149E+02    0.90461E-01
    0.14435E+02    0.85743E-01
    0.14727E+02    0.81268E-01
    0.15024E+02    0.77023E-01
    0.15328E+02    0.72998E-01
    0.15637E+02    0.69180E-01
    0.15953E+02    0.65559E-01
    0.16275E+02    0.62125E-01
    0.16604E+02    0.58869E-01
    0.16940E+02    0.55782E-01
    0.17282E+02    0.52855E-01
    0.17631E+02    0.50079E-01
    0.17987E+02    0.47448E-01
    0.18351E+02    0.44953E-01
    0.18721E+02    0.42588E-01
    0.19099E+02    0.40345E-01
    0.19485E+02    0.38220E-01
    0.19879E+02    0.36205E-01
