0.7771429 0.555 0.889 0.2223333 0.5555 1 0.7980731 0
0.4457143 0.89 0.778 0.6666667 1 0.445 0.8774419 0
1 0.22 1 0.5556667 0.222 0.3333333 0.4806312 0
0.1114286 0.665 0.4445 0.111 0.111 0.2216667 0.9568106 0
0.6657143 1 0.3335 1 0.6665 0.1116667 0.5599834 0
0.3342857 0 0.6665 0 0.3335 0.8888333 0.6393355 0
0.8885714 0.335 0.5555 0.889 0.89 0.7778333 0.2425249 0
0 0.78 0 0.4443333 0.78 0.6666667 0.7187043 0
0.5542857 0.11 0.222 0.3333333 0 0.5555 0.3218937 0
0.2228571 0.445 0.111 0.7776667 0.4445 0 0.4012625 0
0.07714286 0.25 0.0755 0.109 0.4285 0.3631667 0.9284385 0.0345
0.1171429 0.45 0.236 0.9383333 0.1825 0.1125 0.3207309 0.1204
0.9542857 0.85 0.549 0.6326667 0.103 0.001166667 0.9812625 0.377
0.04285714 0 0.871 0.1313333 0.8255 0.9531667 0.5053821 0.1752
0.1428571 0.45 0.9405 0.4466667 0.069 0.4776667 0.5885382 0.2789
0.8542857 0.4 0.4795 0.3173333 0.8595 0.4768333 0.8881728 0.2734
0.01714286 0 0.166 0.6233333 0.9385 0.588 0.2459468 0.0168
0.9828571 0.1 0.491 0.3296667 0.263 0.9848333 0.7876744 0.6419
0.16 0.35 0.7735 0.917 0.8825 0.5311667 0.4620266 0.4673
0.8971429 0.5 0.2805 0.4423333 0.7065 0.4831667 0.3163455 0.9777
0.7771429 0.3 0.7375 0.361 0.5565 0.6481667 0.06079734 0.0672
0.5257143 0.8 0.664 0.9113333 0.6195 0.6146667 0.7720598 0.8239
0.3828571 0.5 0.0565 0.6173333 0.6755 0.6715 0.6826246 0.3733
0.88 0.7 0.001 0.8116667 0.0925 0.4463333 0.9142857 0.3063
0.008571429 0.75 0.8865 0.2466667 0.3895 0.7863333 0.07624585 0.7024
0.06857143 0.35 0.3925 0.6256667 0.059 0.9228333 0.6959136 0.2082
0.08285714 0.95 0.988 0.9073333 0.599 0.3578333 0.8632226 0.2902
0.08285714 0.8 0.6285 0.203 0.6925 0.6148333 0.8635548 0.9086
0.2114286 0.65 0.9995 0.9196667 0.0025 0.8658333 0.7637209 0.6588
0.5828571 0.35 0.616 0.4506667 0.0895 0.7343333 0.4206977 0.8126
0.5314286 0.7 0.3465 0.3946667 0.989 0.055 0.9912292 0.6502
0.4828571 0 0.906 0.8396667 0.7525 0.953 0.01239203 0.0905
0.2457143 0.75 0.0025 0.4173333 0.996 0.9801667 0.3028571 0.7968
0.44 0.05 0.009 0.1566667 0.1455 0.7913333 0.2043854 0.362
0.4542857 0.65 0.605 0.4383333 0.686 0.2263333 0.5149169 0.444
0.5428571 0.25 0.8155 0.3256667 0.2425 0.728 0.85 0.1082
0.9685714 0.45 0.7645 0.155 0.2215 0.07633333 0.8693688 0.3549
0.7628571 0.6 0.1625 0.134 0.531 0.8301667 0.6952824 0.7077
0.02571429 0.4 0.6555 0.609 0.707 0.8781667 0.7374086 0.1973
0.76 0.7 0.522 0.8383333 0.438 0.5731667 0.5628239 0.0893
0.2114286 0.15 0.193 0.4173333 0.6035 0.01616667 0.9207973 0.3045
0.1257143 0.75 0.3655 0.2196667 0.044 0.6595 0.8436877 0.9194
0.88 0.9 0.065 0.9196667 0.588 0.4081667 0.7051827 0.9998
0.54 0.45 0.879 0.4336667 0.738 0.6898333 0.5148173 0.8018
0.5742857 0.65 0.0835 0.4113333 0.341 0.09966667 0.9785714 0.661
0.5171429 0.45 0.1745 0.9256667 0.851 0.3246667 0.2248173 0.6433
0.6028571 0.05 0.385 0.813 0.4075 0.8263333 0.8076412 0.3075
0.4971429 0.55 0.3415 0.455 0.038 0.271 0.4051163 0.4548
0.3971429 0.1 0.272 0.14 0.794 0.7466667 0.3276412 0.3512
0.3914286 0.9 0.546 0.603 0.4445 0.9616667 0.8046512 0.5539
0.8971429 0.35 0.2165 0.334 0.211 0.5215 0.8672093 0.2842
0.8085714 0.75 0.006 0.4466667 0.6545 0.01983333 0.2742525 0.6199
0.07428571 0.55 0.499 0.9216667 0.8305 0.06783333 0.4465781 0.1096
0.4142857 0.05 0.7525 0.2503333 0.0175 0.079 0.7642193 0.7438
0.28 0.35 0.252 0.89 0.537 0.4045 0.918206 0.6843
0.94 0.2 0.754 0.3126667 0.911 0.9401667 0.8050166 0.6311
0.6257143 0.95 0.4685 0.6383333 0.758 0.8816667 0.04438538 0.5128
0.07428571 0.45 0.139 0.2173333 0.924 0.3248333 0.6729236 0.728
0.94 0.45 0.0175 0.459 0.058 0.5278333 0.1831229 0.9885
0.2 0.9 0.9135 0.04066667 0.0545 0.2143333 0.8520266 0.9901
0.2057143 0.25 0.5105 0.934 0.234 0.5758333 0.3535216 0.4782
0.1628571 0.05 0.3495 0.1043333 0.48 0.8265 0.8390698 0.3922
0.32 0.7 0.487 0.13 0.511 0.5733333 0.7956811 0.174
0.6771429 0.15 0.933 0.634 0.4175 0.3811667 0.8115615 0.3782
0.7 0.15 0.8985 0.018 0.4265 0.09616667 0.141794 0.885
0.5485714 0.7 0.9245 0.892 0.0395 0.111 0.8105648 0.0187
0.5657143 0.45 0.3975 0.6576667 0.946 0.4215 0.8198339 0.8256
0.34 0.85 0.3225 0.8706667 0.3495 0.8646667 0.6294352 0.3716
0.5485714 0.6 0.565 0.1873333 0.1325 0.368 0.8676744 0.6372
0.8542857 0.85 0.5465 0.6956667 0.38 0.6763333 0.2436213 0.976
0.05142857 0.45 0.174 0.833 0.915 0.6098333 0.870299 0.2212
0.1857143 0.15 0.6745 0.1933333 0.3955 0.2845 0.6477409 0.2806
0.03428571 0.6 0.3415 0.3623333 0.102 0.5563333 0.888804 0.0327
0.3914286 0.05 0.7875 0.8663333 0.009 0.3641667 0.9237874 0.237
0.8114286 0.75 0.7455 0.5706667 0.533 0.67 0.8465449 0.2716
0.6257143 0 0.35 0.197 0.416 0.5411667 0.4853488 0.8143
0.3457143 0.75 0.0055 0.354 0.719 0.305 0.9304319 0.1979
0.7028571 0.2 0.4515 0.858 0.626 0.1128333 0.9628239 0.4021
0.4114286 1 0.871 0.6916667 0.3595 0.4195 0.4487375 0.4423
0.6257143 0.15 0.71 0.9016667 0.3225 0.2841667 0.1642193 0.1959
0.4742857 0.45 0.017 0.3663333 0.1225 0.813 0.8297342 0.5665
0.8885714 0.15 0.5305 0.5806667 0.816 0.8433333 0.5993355 0.4488
0.86 0.75 0.229 0.179 0.7495 0.1166667 0.8779402 0.8023
0.1257143 0.6 0.722 0.654 0.9255 0.1646667 0.9083721 0.2919
0.9885714 0.6 0.6005 0.8956667 0.06 0.3676667 0.6845847 0.5524
0.2542857 0.3 0.7335 0.666 0.329 0.6726667 0.8087708 0.6605
0.6771429 1 0.6915 0.3706667 0.853 0.9786667 0.6922591 0.6952
0.1057143 0.7 0.8895 0.1833333 0.1125 0.1111667 0.9450166 0.1034
0.8714286 0.3 0.698 0.11 0.003 0.7896667 0.6821927 0.2603
0.6828571 0.55 0.683 0.4956667 0.308 0.021 0.6581063 0.9071
0.3571429 0.45 0.538 0.3933333 0.4675 0.9398333 0.2577076 0.3494
0.7885714 0 0.726 0.8533333 0.6775 0.5761667 0.8790033 0.7598
0.54 0.2 0.0755 0.2016667 0.364 0.07783333 0.474485 0.4566
0.5314286 1 0.3495 0.6646667 0.0145 0.2928333 0.9386379 0.6593
0.64 0.4 0.882 0.3706667 0.461 0.01466667 0.9976412 0.2028
0.5828571 0.2 0.973 0.885 0.971 0.2396667 0.3062791 0.1851
0.4314286 0.55 0.28 0.3496667 0.7705 0.7685 0.8446512 0.5556
0.1685714 0.5 0.459 0.6706667 0.2775 0.2093333 0.8743854 0.3027
0.1057143 0.9 0.9535 0.2916667 0.6075 0.07283333 0.3656811 0.797
0.09142857 0.3 0.3575 0.01 0.0675 0.6376667 0.0008305648 0.715
0.9314286 0.1 0.2675 0.5973333 0.168 0.888 0.526412 0.4596
0.9457143 0.7 0.8635 0.879 0.708 0.323 0.7484053 0.5416
0.2114286 0.4 0.9965 0.6493333 0.9775 0.6281667 0.8367442 0.6497
0.8028571 0.35 0.256 0.585 0.7645 0.38 0.6223588 0.091
0.8285714 0.35 0.961 0.09333333 0.651 0.745 0.7314286 0.2495
0.6342857 0.4 0.8395 0.1826667 0.1845 0.8313333 0.7960797 0.9949
0.2971429 0.9 0.5855 0.854 0.9975 0.82 0.6856146 0.3607
0.6114286 0.4 0.1345 0.6746667 0.2975 0.4661667 0.7762458 0.8364
0.5057143 0.7 0.828 0.1706667 0.781 0.3233333 0.8960797 0.6263
0.3885714 0.25 0.8515 0.9743333 0.5045 0.3258333 0.6038206 0.9305
0.03428571 0.75 0.405 0.4706667 0.5975 0.518 0.6154153 0.7263
