1.471999999999999975e-01 2.261000000000000162e-02 8.778000000000000247e-01 6.167000000000000259e-01 9.610999999999999543e-01 -6.999999999999999556e-01 6.722000000000000197e-01 0.000000000000000000e+00
1.355999999999999983e-01 2.327999999999999861e-02 8.556000000000000272e-01 7.500000000000000000e-01 1.050000000000000044e+00 -1.032999999999999918e+00 9.111000000000000210e-01 0.000000000000000000e+00
1.549999999999999989e-01 2.194000000000000117e-02 9.000000000000000222e-01 7.167000000000000037e-01 8.943999999999999728e-01 -1.100000000000000089e+00 -2.832999999999999963e-01 0.000000000000000000e+00
1.238999999999999962e-01 2.282999999999999960e-02 7.889000000000000457e-01 5.833000000000000407e-01 8.721999999999999753e-01 -1.167000000000000037e+00 1.149999999999999911e+00 0.000000000000000000e+00
1.433000000000000107e-01 2.350000000000000006e-02 7.667000000000000481e-01 8.499999999999999778e-01 9.832999999999999519e-01 -1.233000000000000096e+00 -4.445000000000000340e-02 0.000000000000000000e+00
1.317000000000000115e-01 2.149999999999999828e-02 8.333000000000000407e-01 5.500000000000000444e-01 9.166999999999999593e-01 -7.667000000000000481e-01 1.943999999999999895e-01 0.000000000000000000e+00
1.511000000000000121e-01 2.216999999999999874e-02 8.111000000000000432e-01 8.166999999999999815e-01 1.028000000000000025e+00 -8.333000000000000407e-01 -1.000000000000000000e+00 0.000000000000000000e+00
1.199999999999999956e-01 2.306000000000000064e-02 6.999999999999999556e-01 6.833000000000000185e-01 1.006000000000000005e+00 -9.000000000000000222e-01 4.333000000000000185e-01 0.000000000000000000e+00
1.393999999999999961e-01 2.171999999999999972e-02 7.443999999999999506e-01 6.500000000000000222e-01 8.499999999999999778e-01 -9.667000000000000037e-01 -7.610999999999999988e-01 0.000000000000000000e+00
1.277999999999999969e-01 2.239000000000000018e-02 7.221999999999999531e-01 7.832999999999999963e-01 9.388999999999999568e-01 -1.300000000000000044e+00 -5.221999999999999975e-01 0.000000000000000000e+00
1.226587074500000013e-01 2.197000787999999968e-02 7.150515790000000482e-01 5.827022769999999907e-01 9.356715639999999556e-01 -1.082127609999999907e+00 1.064599287726970100e+00 3.448478000000000155e-04
1.241409294500000066e-01 2.244526054000000118e-02 7.471538599999999475e-01 8.315213200000000082e-01 8.864603620000000017e-01 -1.232501392000000084e+00 -7.646038896681960351e-01 1.204053399999999987e-03
1.533810854999999862e-01 2.320510627999999853e-02 8.098280260000000341e-01 7.397670010000000351e-01 8.706111819999999835e-01 -1.299250997439999944e+00 1.223603326264339985e+00 3.770019700000000126e-03
1.214816493649999996e-01 2.153616713799999874e-02 8.741881000000000235e-01 5.894286549999999680e-01 1.015087166000000041e+00 -7.280781219999999943e-01 -2.088059010897899970e-01 1.752318500000000058e-03
1.249956203500000029e-01 2.244573060000000161e-02 8.881170760000000053e-01 6.839948049999999835e-01 8.638349800000000300e-01 -1.013424616000000000e+00 4.149912534640280010e-02 2.788816099999999985e-03
1.498671145500000135e-01 2.229554279999999833e-02 7.958990500000000523e-01 6.452008540000000458e-01 1.021863366000000051e+00 -1.013904507999999982e+00 9.433574850398670497e-01 2.733522099999999982e-03
1.206269586050000009e-01 2.153569706600000008e-02 7.332248839999999657e-01 7.369551699999999927e-01 1.037712548000000012e+00 -9.471549040000000197e-01 -9.896749287670949524e-01 1.675557899999999918e-04
1.544070797000000050e-01 2.173854269999999853e-02 7.981927640000000546e-01 6.488610249999999802e-01 9.025628519999999710e-01 -7.091076760000000201e-01 6.408663901120199569e-01 6.419482800000000065e-03
1.256274883000000064e-01 2.217382692000000044e-02 8.546543840000000447e-01 8.251360690000000275e-01 1.026482126000000106e+00 -9.812723020000000407e-01 -3.393353685483980198e-01 4.673301700000000169e-03
1.513620163499999893e-01 2.253605430000000034e-02 7.560792139999999995e-01 6.826724259999999989e-01 9.912872299999999637e-01 -1.010079369999999921e+00 -7.778084424918589868e-01 9.777091999999999380e-03
1.472034976499999870e-01 2.213313567999999898e-02 8.475350480000000131e-01 6.583124860000000300e-01 9.612572059999999752e-01 -9.110841100000000026e-01 -1.546950581503879985e+00 6.717445700000000512e-04
1.383626359000000028e-01 2.312432290000000085e-02 8.327529999999999655e-01 8.233763710000000513e-01 9.739143860000000208e-01 -9.311882740000000380e-01 5.938563314976800234e-01 8.238736899999999849e-03
1.333621060999999886e-01 2.248619304000000138e-02 7.113235009999999692e-01 7.351954720000000165e-01 9.851448080000000385e-01 -8.970708760000000170e-01 3.246709233815679996e-01 3.732991000000000174e-03
1.508343560000000028e-01 2.292190679999999911e-02 7.002002393999999796e-01 7.934589459999999983e-01 8.685446265999999804e-01 -1.032171466000000093e+00 1.022009512814259891e+00 3.063036999999999791e-03
1.202585182040000061e-01 2.296051282000000082e-02 8.773389539999999487e-01 6.239716360000000517e-01 9.278674199999999983e-01 -8.282399980000000328e-01 -1.500516111503980010e+00 7.024205399999999648e-03
1.224488907449999969e-01 2.216253114000000038e-02 7.784892879999999460e-01 7.376867499999999467e-01 8.617684253999999822e-01 -7.463450860000000464e-01 3.647451602041800189e-01 2.081833400000000084e-03
1.229094553950000057e-01 2.335766112000000130e-02 8.976250759999999662e-01 8.222074719999999948e-01 9.698385160000000393e-01 -1.085259310000000088e+00 8.682586379149640488e-01 2.901618700000000144e-03
1.229221351249999983e-01 2.312291994000000017e-02 8.257029580000000424e-01 6.108600039999999565e-01 9.884735820000000173e-01 -9.310603899999999600e-01 8.692713604916929571e-01 9.085982899999999265e-03
1.274494203000000048e-01 2.280066099999999985e-02 8.999187880000000250e-01 8.258676459999999553e-01 8.505380028400000292e-01 -7.804624839999999564e-01 5.688335894034669549e-01 6.587579300000000193e-03
1.404488007499999913e-01 2.221239239999999934e-02 8.232450000000000045e-01 6.851637040000000400e-01 8.679108481999999736e-01 -8.593535799999999503e-01 -4.636896941439089814e-01 8.125934399999999724e-03
1.385724524999999985e-01 2.293179964000000015e-02 7.693152920000000394e-01 6.683918979999999843e-01 1.047817524000000056e+00 -1.266970802199999913e+00 1.253607139533049919e+00 6.501751299999999727e-03
1.369221503499999937e-01 2.153757009200000030e-02 8.812381440000000010e-01 8.019450249999999780e-01 1.000527968000000101e+00 -7.282060059999999613e-01 -1.692682586205700002e+00 9.050725299999999801e-04
1.286250041499999996e-01 2.300097526000000059e-02 7.005453792200000418e-01 6.751723029999999737e-01 1.049177247999999896e+00 -7.118862580000000495e-01 -8.184152555785519922e-01 7.968380199999999802e-03
1.354482709500000048e-01 2.157426253999999988e-02 7.018155011800000231e-01 5.969828050000000053e-01 8.791412699999999747e-01 -8.252361759999999880e-01 -1.114839489623129953e+00 3.620188500000000049e-03
1.359088355999999997e-01 2.276939249999999915e-02 8.209512879999999457e-01 6.815035299999999685e-01 9.872113620000000367e-01 -1.164150406000000082e+00 -1.800576264635720125e-01 4.439973800000000109e-03
1.389538989499999877e-01 2.197188090000000080e-02 8.630648380000000008e-01 6.476921289999999498e-01 8.984869840000000440e-01 -8.631787119999999591e-01 8.285039012741519659e-01 1.082364499999999893e-03
1.539405471999999997e-01 2.243595902000000003e-02 8.529234319999999814e-01 5.965316200000000402e-01 8.942687820000000398e-01 -1.254200170000000059e+00 8.867527239543629980e-01 3.548861099999999977e-03
1.466567157499999996e-01 2.266754175999999982e-02 7.325175240000000310e-01 5.902003959999999605e-01 9.562346699999999533e-01 -8.019360159999999738e-01 3.628014998191539942e-01 7.077267499999999670e-03
1.209221876649999999e-01 2.230531440000000157e-02 8.310926939999999652e-01 7.326640359999999630e-01 9.914295640000000409e-01 -7.731289540000000349e-01 4.896055590574320271e-01 1.973477200000000025e-03
1.466440359500000012e-01 2.290228291999999929e-02 8.044396419999999548e-01 8.015478670000000250e-01 9.375996039999999754e-01 -9.561349359999999908e-01 -3.586795316565820346e-02 8.929032599999999495e-04
1.273640080500000049e-01 2.183852042000000021e-02 7.386132680000000450e-01 6.751743070000000291e-01 9.707241239999999660e-01 -1.290270962799999976e+00 1.041617763511740069e+00 3.044672300000000106e-03
1.244488381000000005e-01 2.298013670000000064e-02 7.730995520000000232e-01 6.158827150000000250e-01 8.588124435999999751e-01 -9.042765219999999715e-01 8.095132763013129784e-01 9.194339100000000625e-03
1.508025546500000036e-01 2.330520155999999884e-02 7.129838074000000026e-01 8.259078069999999938e-01 9.676296300000000183e-01 -1.055130195999999909e+00 3.925609241533670191e-01 9.998250700000000865e-03
1.389220975999999885e-01 2.235517563999999888e-02 8.758484060000000238e-01 6.801409899999999453e-01 9.975719859999999661e-01 -8.861374480000000498e-01 -1.803908950986239934e-01 8.017578200000000099e-03
1.400991556500000013e-01 2.278901637999999896e-02 7.167118855999999871e-01 6.734146090000000529e-01 9.181563839999999921e-01 -1.240186934200000035e+00 1.215531022768260083e+00 6.610107500000000219e-03
1.380674070500000072e-01 2.235470557999999844e-02 7.348851899999999659e-01 8.276675049999999700e-01 1.020197369999999992e+00 -1.105214224000000023e+00 -1.053314995378269892e+00 6.432815500000000318e-03
1.411124700499999940e-01 2.155719397200000012e-02 7.769987419999999645e-01 7.938561039999999513e-01 9.314729899999999452e-01 -8.042425359999999523e-01 7.009812820702020497e-01 3.075206300000000136e-03
1.374355387500000025e-01 2.262660925999999961e-02 7.683478820000000376e-01 6.865262410000000370e-01 8.575502238000000110e-01 -1.137366537999999982e+00 -5.105631279151630064e-01 4.548329900000000134e-03
1.339215678000000020e-01 2.171704577999999941e-02 7.544189059999999447e-01 5.919600910000000216e-01 1.008802409999999927e+00 -8.520200500000000288e-01 -7.437542841138300442e-01 3.511832299999999990e-03
1.336573353000000131e-01 2.325581036000000032e-02 8.091913120000000514e-01 7.309043410000000129e-01 9.388618239999999560e-01 -7.230449199999999799e-01 6.919835348819090015e-01 5.538912400000000139e-03
1.513938176999999885e-01 2.215275955999999880e-02 7.432956459999999765e-01 6.502235650000000033e-01 8.922022280000000416e-01 -9.871206399999999936e-01 8.803489198380169967e-01 2.841878300000000041e-03
1.483487543500000005e-01 2.295027116000000061e-02 7.011820943000000028e-01 6.840349660000000220e-01 9.809266060000000342e-01 -1.288092329799999991e+00 -9.045265597104500399e-01 6.199487499999999790e-03
1.226142263350000067e-01 2.258804378000000071e-02 7.997572659999999667e-01 8.264986060000000245e-01 1.016121499999999900e+00 -1.259285262999999988e+00 -3.857726564136990111e-01 1.095697199999999929e-03
1.344507027000000077e-01 2.156471977000000081e-02 8.505347680000000521e-01 6.251425360000000264e-01 8.534901656000000170e-01 -1.252553666200000082e+00 5.703174863953740514e-01 7.437615699999999656e-03
1.298178083500000080e-01 2.219345080000000026e-02 7.504149820000000082e-01 8.170471480000000009e-01 9.574271479999999501e-01 -1.057308831999999921e+00 1.033815867533919963e+00 6.843435400000000279e-03
1.528803765500000023e-01 2.188132594000000153e-02 8.507961699999999627e-01 6.438383140000000227e-01 1.032223990000000091e+00 -7.358915440000000086e-01 6.930891086028470038e-01 6.311126599999999573e-03
1.419069340000000123e-01 2.341706513999999850e-02 7.936615200000000092e-01 7.415246949999999559e-01 1.001632043999999944e+00 -7.709503180000000233e-01 -1.596413162504950023e+00 5.128292500000000177e-03
1.226269060649999992e-01 2.235330262000000123e-02 7.278351480000000429e-01 6.151511349999999601e-01 1.034756565999999989e+00 -1.105086345999999997e+00 2.954711306062189902e-01 7.280061499999999734e-03
1.528887194999999921e-01 2.239327106000000081e-02 7.034758075999999472e-01 6.876951399999999825e-01 8.616260921999999711e-01 -9.832955020000000435e-01 -1.178754263201460040e+00 9.885448200000000740e-03
1.269955675999999978e-01 2.326333615999999840e-02 8.827273380000000280e-01 5.621907717999999887e-01 8.608789982000000229e-01 -1.171356057999999978e+00 8.346095103775760249e-01 9.901321799999999659e-03
1.271541914500000092e-01 2.203104368000000091e-02 8.020509780000000255e-01 8.301587799999999850e-01 8.968209860000000422e-01 -9.544884340000000522e-01 -6.659359674084890379e-01 4.781657899999999795e-03
1.256719694500000040e-01 2.155579101799999855e-02 7.699486979999999869e-01 5.813397369999999675e-01 9.460321879999999961e-01 -8.041146519999999853e-01 7.956479885448199951e-01 3.922452300000000419e-03
1.312035350000000100e-01 2.290087998000000027e-02 7.973895979999999772e-01 5.890314970000000150e-01 9.521587999999999719e-01 -9.560070579999999651e-01 6.650168562358119706e-01 1.740149299999999965e-03
1.436591995500000052e-01 2.184039344000000132e-02 8.866265279999999693e-01 7.401641589999999882e-01 9.335395459999999979e-01 -1.071322066000000017e+00 7.127740437076599544e-01 3.782189000000000037e-03
1.444594549500000102e-01 2.180741313999999889e-02 8.796685880000000290e-01 5.554438183000000029e-01 9.352507759999999504e-01 -1.242330870400000009e+00 -1.303210557778450074e+00 8.850265899999999394e-03
1.391820128500000087e-01 2.294278901999999981e-02 8.849336100000000371e-01 8.175546399999999991e-01 8.579055479999999623e-01 -1.233437265999999921e+00 7.098351183731670400e-01 1.872358200000000087e-04
1.398265606000000105e-01 2.243614417999999916e-02 7.795488000000000417e-01 7.473484299999999525e-01 1.039187757999999961e+00 -1.047086031999999944e+00 7.377220472811749641e-01 8.256085599999999150e-03
1.318981814000000086e-01 2.317437175999999960e-02 7.645277019999999757e-01 8.112234130000000043e-01 9.198714340000000433e-01 -7.811731119999999473e-01 1.646101596551440005e-01 3.715642300000000006e-03
1.391946926500000070e-01 2.270804786000000033e-02 8.130114920000000023e-01 6.062071690000000457e-01 8.765406140000000512e-01 -1.079238345999999904e+00 8.816667174827269582e-01 6.371600100000000301e-03
1.498980913000000081e-01 2.322423301999999856e-02 8.092834140000000342e-01 7.587003669999999866e-01 9.260138580000000230e-01 -8.941816120000000145e-01 -9.967495516603740446e-01 9.759743300000000080e-03
1.218266507350000000e-01 2.238628292000000020e-02 7.347930879999999831e-01 7.998714789999999963e-01 1.033045336000000036e+00 -9.340775380000000405e-01 8.895889238544829603e-01 2.211984599999999943e-03
1.264595450500000107e-01 2.175755187999999993e-02 8.349128759999999705e-01 6.079668670000000219e-01 9.291083540000000252e-01 -1.129322374000000018e+00 2.197119901129510056e-01 2.806164900000000188e-03
1.211947826449999988e-01 2.265818660000000137e-02 7.682557800000000547e-01 6.587302149999999523e-01 8.703981899999999605e-01 -9.662298520000000002e-01 9.453404181073880030e-01 3.274990700000000214e-04
1.336504473000000026e-01 2.159770006600000153e-02 8.574927100000000468e-01 8.098628770000000365e-01 8.517789350000000148e-01 -1.081544859999999941e+00 1.050568324261569986e+00 2.369538799999999865e-03
1.484031898500000057e-01 2.298372152000000002e-02 8.491032520000000305e-01 7.212287920000000074e-01 9.565899939999999990e-01 -8.980067440000000234e-01 8.180947031118810386e-01 2.716173399999999814e-03
1.419127254499999991e-01 2.152421367399999855e-02 7.700407999999999697e-01 6.091357630000000523e-01 9.331842219999999521e-01 -9.752513379999999676e-01 -2.691153712264189868e-01 8.143283100000000760e-03
1.321079980000000043e-01 2.298184849999999890e-02 7.010899916999999704e-01 6.562389400000000483e-01 9.937745719999999672e-01 -1.116955641999999971e+00 1.070594719342629952e+00 1.978656699999999883e-03
1.445636625499999994e-01 2.192136195999999995e-02 7.903269219999999873e-01 8.073716020000000215e-01 9.751553179999999932e-01 -1.232270650000000023e+00 1.168066791617399902e+00 4.020696399999999955e-03
1.344449108999999920e-01 2.345757123999999902e-02 8.741554879999999805e-01 7.575314680000000411e-01 9.219379899999999850e-01 -1.048252648000000065e+00 -3.792836219526560249e-01 4.422625000000000341e-03
1.419000456500000007e-01 2.175895484000000060e-02 8.419629180000000046e-01 8.204832340000000057e-01 9.145491559999999742e-01 -1.129450258000000096e+00 -1.235723135207229983e+00 1.958918899999999904e-03
1.366479631499999958e-01 2.242484839999999910e-02 7.033837050000000257e-01 6.598991140000000089e-01 8.744740579999999985e-01 -8.121588159999999501e-01 7.674785018917540391e-01 5.664617299999999932e-03
1.511212226499999978e-01 2.179988734000000081e-02 8.061325599999999980e-01 7.241573860000000140e-01 1.013233601999999900e+00 -7.940197359999999760e-01 7.400612315391100204e-02 4.487856499999999874e-03
1.501079082500000050e-01 2.303170976000000134e-02 7.458457040000000537e-01 6.037158910000000045e-01 9.999169959999999469e-01 -1.229964135999999986e+00 9.126302298595140305e-01 8.022757700000000824e-03
1.243733801999999944e-01 2.266948238000000143e-02 8.444208739999999880e-01 7.461795340000000332e-01 1.035111890000000034e+00 -1.201157073999999936e+00 1.004170296936339968e+00 2.918967399999999879e-03
1.546351935999999982e-01 2.270945082000000101e-02 8.200615359999999798e-01 8.187235360000000295e-01 8.619814162000000168e-01 -1.079366229999999982e+00 3.305632571316109991e-01 5.524354100000000017e-03
1.289133453500000137e-01 2.211248228000000163e-02 8.467145879999999902e-01 7.498397079999999937e-01 9.158113759999999548e-01 -8.963602419999999737e-01 7.043680482595929826e-01 6.604928000000000361e-03
1.436660878999999891e-01 2.349850373999999922e-02 8.383251299999999739e-01 6.612056229999999646e-01 1.020622434000000078e+00 -7.128221259999999448e-01 3.537418967879579768e-01 6.951562599999999877e-03
1.237415122500000048e-01 2.294138608000000079e-02 8.778835659999999486e-01 6.050382730000000153e-01 8.724647439999999587e-01 -1.233309382000000065e+00 1.114487173181399893e+00 1.034481799999999911e-03
1.504893546999999943e-01 2.207179101999999851e-02 8.395952519999999586e-01 5.830161249999999962e-01 8.505864562599999568e-01 -8.261720500000000467e-01 3.233754850897400113e-01 2.603370900000000123e-03
1.438999932499999967e-01 2.257656040000000086e-02 8.365731819999999708e-01 6.986791989999999730e-01 9.115931739999999506e-01 -1.287381697600000097e+00 2.509218444981010099e-01 9.071424599999999144e-03
1.324576430999999943e-01 2.240522451999999928e-02 8.076231080000000340e-01 6.679880320000000093e-01 9.435290360000000431e-01 -7.361222859999999590e-01 -9.543319186005300159e-01 3.494483599999999822e-03
1.475769245499999882e-01 2.150714510619999853e-02 8.452240420000000087e-01 8.060090619999999983e-01 9.855159420000000337e-01 -9.542576919999999907e-01 9.157955838925809777e-01 7.598300900000000413e-03
1.388994634500000103e-01 2.193843054000000140e-02 7.151436815999999697e-01 6.104983029999999644e-01 9.228235980000000227e-01 -1.253264298399999976e+00 -3.017902422685270203e-01 4.565678600000000302e-03
1.386352309499999935e-01 2.347719511999999883e-02 7.699160860000000550e-01 7.494425500000000406e-01 8.528830116000000183e-01 -1.124289171999999892e+00 1.095315597191649948e+00 6.592758800000000051e-03
1.424050914499999931e-01 2.233604889999999885e-02 8.763930199999999671e-01 6.612076270000000200e-01 9.421693100000000376e-01 -1.291206834400000059e+00 1.272862218781690036e+00 2.027854700000000180e-03
1.403733428499999991e-01 2.190173808000000014e-02 8.945663240000000238e-01 8.154605200000000220e-01 1.044210293999999983e+00 -1.156234125999999973e+00 -8.080879236741489446e-01 1.850562700000000062e-03
1.351212599999999930e-01 2.256763163999999863e-02 7.559871099999999622e-01 6.548764000000000252e-01 1.004135196000000008e+00 -8.389426840000000496e-01 8.124349500867410478e-01 5.556261199999999907e-03
1.259000833499999972e-01 2.252669913999999843e-02 7.918174700000000232e-01 7.512022480000000169e-01 9.054507520000000254e-01 -1.174373200000000006e+00 9.019351334252979635e-01 3.027323599999999938e-03
1.237097109000000056e-01 2.332468081999999887e-02 8.906671339999999715e-01 6.374871309999999847e-01 9.715497480000000463e-01 -1.256268116200000007e+00 -6.293487469684729829e-01 7.969695500000000335e-03
1.232491460749999962e-01 2.212955084000000142e-02 7.715313480000000057e-01 5.529664085500000104e-01 8.634796557999999678e-01 -9.173538879999999507e-01 -1.727539878728840073e+00 7.149910199999999841e-03
1.526479258000000006e-01 2.165710409399999870e-02 7.535291539999999788e-01 7.291800999999999977e-01 8.835724640000000019e-01 -7.672358679999999875e-01 -1.454512447431239863e-01 4.596212599999999898e-03
1.531084904499999955e-01 2.285223406000000054e-02 8.726649419999999990e-01 8.137008220000000458e-01 9.916425540000000094e-01 -1.106150098000000082e+00 5.227097521604660013e-01 5.415997900000000392e-03
1.273866422000000109e-01 2.225526552000000116e-02 8.993179940000000094e-01 7.448169940000000100e-01 1.045472514000000075e+00 -9.231441099999999622e-01 7.885617080993060357e-01 6.496571900000000337e-03
1.481079606500000090e-01 2.221410420000000108e-02 7.512354420000000310e-01 7.255199260000000372e-01 1.002872978000000082e+00 -1.072032700000000061e+00 1.433158669088039905e-01 9.102519800000000378e-04
1.489626515499999915e-01 2.221457427999999970e-02 8.921986579999999778e-01 5.779934115999999511e-01 9.802475940000000554e-01 -8.529559180000000351e-01 4.716497083235020038e-01 2.495014700000000064e-03
1.422079546499999958e-01 2.229383100000000006e-02 8.679086099999999693e-01 6.048446290000000225e-01 8.869012379999999807e-01 -8.012253879999999828e-01 6.662034371668550392e-01 9.949204499999999424e-03
1.303714782500000058e-01 2.331715502000000079e-02 8.171311060000000515e-01 8.062006990000000206e-01 1.049532571999999941e+00 -8.079569800000000468e-01 3.336810830068859812e-01 3.607286099999999947e-03
1.413532637500000133e-01 2.229336092000000144e-02 7.269453940000000225e-01 7.523711440000000472e-01 9.095266199999999523e-01 -1.020302164000000067e+00 6.064883795430170421e-01 8.364441800000000510e-03
1.376679895000000042e-01 2.285083112000000152e-02 8.656148980000000215e-01 6.011844549999999510e-01 1.006201751999999949e+00 -1.106022214000000004e+00 9.671611984397360251e-01 6.263243899999999809e-03
1.336186459500000034e-01 2.198099481999999869e-02 8.702762779999999587e-01 8.423117380000000320e-01 9.508639380000000196e-01 -1.104503589999999980e+00 8.745437047665330366e-02 9.304752499999999205e-03
1.211629812949999996e-01 2.304148133999999945e-02 7.810393479999999666e-01 6.911790759999999478e-01 9.694831919999999936e-01 -9.891885820000000384e-01 1.224279260380830014e-01 7.262712800000000433e-03
